[0m[38;2;123;130;146ml[38;2;127;135;149mo[38;2;131;138;153mo[38;2;135;142;156mo[38;2;136;144;158mo[38;2;138;145;160mo[38;2;140;148;162md[38;2;143;151;164md[38;2;145;153;166md[38;2;148;155;167md[38;2;151;157;169mx[38;2;155;160;172mx[38;2;158;163;174mx[38;2;162;166;176mx[38;2;164;168;177mx[38;2;166;170;179mk[38;2;168;173;180mk[38;2;170;175;182mk[38;2;173;176;183mk[38;2;174;177;184mk[38;2;175;178;185mk[38;2;177;179;185mk[38;2;177;180;186mO[38;2;178;181;186mO[38;2;180;181;187mO[38;2;181;182;188mO[38;2;181;182;188mO[38;2;182;183;187mO[38;2;182;183;188mO[38;2;182;183;188mO[38;2;183;184;188mO[38;2;183;184;189mO[38;2;183;184;189mO[38;2;183;185;190mO[38;2;183;185;190mO[38;2;184;185;190mO[38;2;184;185;189mO[38;2;184;185;190mO[38;2;185;186;190mO[38;2;185;185;190mO[38;2;185;185;190mO[38;2;185;184;189mO[38;2;183;183;188mO[38;2;183;182;187mO[38;2;182;182;186mO[38;2;182;181;184mO[38;2;180;180;180mO[38;2;179;180;180mk[38;2;179;179;180mk[38;2;178;178;180mk[38;2;178;177;181mk[38;2;176;176;181mk[38;2;175;174;180mk[38;2;173;172;178mk[38;2;171;170;177mk[38;2;169;168;175mk[38;2;166;166;173mx[38;2;164;164;171mx[38;2;162;162;169mx[38;2;160;160;167mx[38;2;158;158;165mx[38;2;156;155;162md[38;2;152;152;160md[38;2;149;148;157md[38;2;144;144;154md[38;2;138;139;150mo[38;2;131;133;145mo[38;2;123;126;139ml[38;2;115;119;133mc[38;2;106;112;126mc[0m
[0m[38;2;129;137;152mo[38;2;134;142;155mo[38;2;94;97;102m;[38;2;120;126;135ml[38;2;141;151;163md[38;2;145;154;166md[38;2;147;155;167md[38;2;134;142;153mo[38;2;127;134;144ml[38;2;129;135;144mo[38;2;131;137;146mo[38;2;133;139;147mo[38;2;135;140;149mo[38;2;136;141;149mo[38;2;137;142;150mo[38;2;139;144;151mo[38;2;141;146;152md[38;2;144;148;154md[38;2;145;149;155md[38;2;146;150;156md[38;2;147;151;156md[38;2;148;151;157md[38;2;148;152;157md[38;2;149;153;158md[38;2;150;153;158md[38;2;151;154;159md[38;2;152;154;159md[38;2;152;154;159md[38;2;152;155;159md[38;2;153;156;160md[38;2;171;173;178mk[38;2;188;190;195mO[38;2;189;192;196m0[38;2;190;192;197m0[38;2;190;192;197m0[38;2;191;193;197m0[38;2;191;193;197m0[38;2;192;193;197m0[38;2;192;194;197m0[38;2;192;193;197m0[38;2;192;193;197m0[38;2;192;193;197m0[38;2;191;192;196m0[38;2;190;191;195mO[38;2;189;190;194mO[38;2;189;189;193mO[38;2;187;188;190mO[38;2;185;187;186mO[38;2;184;186;184mO[38;2;184;184;183mO[38;2;183;183;184mO[38;2;183;182;185mO[38;2;182;181;185mO[38;2;181;180;184mO[38;2;179;178;183mk[38;2;177;177;182mk[38;2;175;175;180mk[38;2;173;174;178mk[38;2;172;172;177mk[38;2;170;170;176mk[38;2;168;169;174mk[38;2;167;167;173mx[38;2;165;165;171mx[38;2;162;162;170mx[38;2;159;159;167mx[38;2;155;156;164md[38;2;150;152;160md[38;2;146;149;156md[38;2;141;144;151mo[38;2;134;137;146mo[0m
[0m[38;2;130;141;158mo[38;2;136;146;160mo[38;2;138;148;161md[38;2;143;152;164md[38;2;146;155;168md[38;2;149;158;170mx[38;2;145;154;164md[38;2;78;89;98m,[38;2;48;58;66m.[38;2;45;58;69m.[38;2;43;49;53m.[38;2;43;44;44m.[38;2;59;60;60m.[38;2;57;58;58m.[38;2;66;67;66m'[38;2;61;62;62m.[38;2;57;58;58m.[38;2;53;54;54m.[38;2;53;54;53m.[38;2;51;52;52m.[38;2;54;55;54m.[38;2;55;56;55m.[38;2;54;55;54m.[38;2;47;48;48m.[38;2;41;42;42m...[38;2;44;45;45m.[38;2;44;45;45m.[38;2;45;46;46m.[38;2;101;104;106m:[38;2;184;188;193mO[38;2;192;195;201m0[38;2;193;196;201m0[38;2;193;197;202m0[38;2;195;198;203m0[38;2;195;199;203m0[38;2;196;199;203m0[38;2;196;199;203m0[38;2;197;199;203m0[38;2;197;199;203m0[38;2;197;199;203m0[38;2;197;198;202m0[38;2;196;197;201m0[38;2;195;197;201m0[38;2;195;196;200m0[38;2;194;195;199m0[38;2;193;194;197m0[38;2;191;192;194m0[38;2;189;190;189mO[38;2;186;187;184mO[38;2;186;187;185mO[38;2;186;186;186mO[38;2;187;186;188mO[38;2;186;185;190mO[38;2;185;184;189mO[38;2;184;183;188mO[38;2;183;182;187mO[38;2;181;181;186mO[38;2;180;180;185mO[38;2;178;179;184mk[38;2;177;177;182mk[38;2;175;176;181mk[38;2;173;174;180mk[38;2;171;171;179mk[38;2;169;170;176mk[38;2;172;173;170mk[38;2;175;173;160mk[38;2;172;169;150mx[38;2;166;163;149mx[0m
[0m[38;2;134;145;161mo[38;2;137;149;163md[38;2;139;144;149mo[38;2;146;153;163md[38;2;152;161;171mx[38;2;155;163;173mx[38;2;149;156;166md[38;2;80;81;82m,[38;2;71;70;66m'[38;2;85;103;118m:[38;2;67;75;80m'[38;2;62;61;57m.[38;2;154;87;59m:[38;2;145;88;63m:[38;2;146;90;65m:[38;2;139;87;63m:[38;2;187;109;76ml[38;2;187;107;74ml[38;2;187;105;72ml[38;2;186;100;64mllllllllll[38;2;131;83;62m;[38;2;101;103;104m:[38;2;179;184;190mO[38;2;188;193;199m0[38;2;189;194;200m0[38;2;191;195;201m0[38;2;192;196;202m0[38;2;193;197;202m0[38;2;194;197;202m0[38;2;194;198;202m0[38;2;194;197;202m0[38;2;194;197;202m0[38;2;194;197;202m0[38;2;193;197;202m0[38;2;193;197;202m0[38;2;192;196;201m0[38;2;192;195;200m0[38;2;191;194;199m0[38;2;191;194;198m0[38;2;192;195;199m0[38;2;191;193;197m0[38;2;187;191;191mO[38;2;185;189;186mO[38;2;185;188;185mO[38;2;187;189;188mO[38;2;189;190;193mO[38;2;189;190;194mO[38;2;188;188;193mO[38;2;187;188;192mO[38;2;186;187;191mO[38;2;185;186;191mO[38;2;184;185;190mO[38;2;182;183;188mO[38;2;181;182;187mO[38;2;179;180;185mO[38;2;177;178;185mk[38;2;176;177;183mk[38;2;176;177;177mk[38;2;175;174;165mk[38;2;172;170;148mk[38;2;171;168;141mx[0m
[0m[38;2;145;151;161md[38;2;149;155;162md[38;2;153;159;165mx[38;2;157;162;169mx[38;2;161;165;171mx[38;2;163;168;174mx[38;2;155;160;166mx[38;2;81;82;82m,[38;2;70;69;65m'[38;2;79;98;114m;[38;2;68;77;82m'[38;2;61;60;57m.[38;2;79;92;100m;[38;2;73;84;92m,[38;2;62;69;71m'[38;2;51;55;55m.[38;2;45;46;46m.[38;2;44;45;45m.[38;2;44;45;45m.[38;2;44;45;45m.[38;2;43;45;45m.[38;2;44;46;46m.[38;2;44;45;45m.[38;2;44;45;45m.[38;2;44;46;45m.[38;2;44;45;45m.[38;2;44;45;45m.[38;2;43;45;45m.[38;2;42;43;43m.[38;2;41;43;43m.[38;2;48;50;52m.[38;2;71;74;76m'[38;2;60;63;65m.[38;2;60;63;65m.[38;2;60;63;65m.[38;2;61;63;65m.[38;2;61;63;66m.[38;2;61;64;66m.[38;2;61;64;66m.[38;2;61;64;66m.[38;2;61;63;66m.[38;2;61;63;66m.[38;2;61;63;66m.[38;2;61;63;66m.[38;2;61;63;65m.[38;2;64;66;68m'[38;2;63;66;68m'[38;2;65;67;69m'[38;2;110;114;118mc[38;2;183;188;195mO[38;2;186;192;197mO[38;2;183;189;193mO[38;2;182;189;190mO[38;2;183;189;190mO[38;2;185;189;192mO[38;2;186;190;196mO[38;2;186;190;196mO[38;2;185;188;194mO[38;2;184;187;193mO[38;2;183;187;192mO[38;2;183;186;192mO[38;2;181;184;191mO[38;2;181;184;190mO[38;2;181;183;190mO[38;2;179;182;189mO[38;2;177;180;187mO[38;2;176;178;185mk[38;2;173;175;182mk[38;2;170;172;173mk[38;2;167;168;159mx[0m
[0m[38;2;164;163;165mx[38;2;166;165;165mx[38;2;136;156;180md[38;2;158;167;178mx[38;2;171;172;172mk[38;2;173;174;174mk[38;2;164;165;166mx[38;2;93;87;83m;[38;2;138;92;72m:[38;2;178;110;80ml[38;2;139;98;78m:[38;2;105;75;60m,[38;2;89;88;86m;[38;2;90;73;72m,[38;2;79;67;65m'[38;2;69;68;65m'[38;2;68;67;64m'[38;2;63;62;59m.[38;2;69;68;66m'[38;2;64;63;60m.[38;2;63;62;59m.[38;2;87;86;83m,[38;2;79;78;75m,[38;2;70;69;66m'[38;2;67;66;63m'[38;2;66;65;62m'[38;2;87;86;84m,[38;2;68;67;65m'[38;2;70;69;66m'[38;2;64;63;60m.[38;2;64;63;60m.[38;2;57;56;53m.[38;2;52;51;48m................[38;2;95;97;99m;[38;2;175;183;191mO[38;2;183;191;200mO[38;2;182;190;197mO[38;2;179;188;192mO[38;2;178;187;190mO[38;2;178;186;190mO[38;2;180;187;192mO[38;2;182;187;194mO[38;2;181;187;194mO[38;2;181;186;193mO[38;2;181;186;192mO[38;2;180;185;191mO[38;2;179;184;190mO[38;2;178;182;189mO[38;2;177;181;188mO[38;2;176;180;187mk[38;2;175;178;185mk[38;2;174;177;183mk[38;2;171;175;180mk[38;2;169;173;176mk[38;2;168;170;172mk[0m
[0m[38;2;177;169;163mk[38;2;180;172;164mk[38;2;183;148;142mx[38;2;185;165;159mk[38;2;185;179;173mO[38;2;186;180;173mO[38;2;176;171;165mk[38;2;87;85;82m,[38;2;60;59;55m.[38;2;106;105;103m:[38;2;77;76;72m,[38;2;56;55;51m.[38;2;43;43;41m.[38;2;31;33;35m.[38;2;63;60;58m.[38;2;79;76;73m,[38;2;62;59;55m.[38;2;60;57;54m.....[38;2;61;58;54m.[38;2;58;56;53m.[38;2;60;59;55m.[38;2;66;94;126m;[38;2;66;90;116m,[38;2;60;59;55m..[38;2;62;67;69m'[38;2;74;103;136m;[38;2;65;74;82m'[38;2;60;59;55m..[38;2;70;88;108m,[38;2;75;102;133m;[38;2;60;59;55m...[38;2;74;102;134m;[38;2;69;86;103m,[38;2;60;59;55m..[38;2;64;73;81m'[38;2;75;104;138m:[38;2;63;68;72m'[38;2;60;59;55m..[38;2;100;102;102m:[38;2;179;184;190mO[38;2;185;192;198mO[38;2;186;192;198mO[38;2;185;190;196mO[38;2;182;188;192mO[38;2;180;187;190mO[38;2;180;186;190mO[38;2;180;186;190mO[38;2;183;188;192mO[38;2;189;194;193m0[38;2;193;198;191m0[38;2;194;199;189m0[38;2;189;194;188m0[38;2;181;187;187mO[38;2;175;180;185mk[38;2;172;177;183mk[38;2;170;175;180mk[38;2;168;173;177mk[38;2;166;171;174mk[38;2;165;169;172mx[38;2;164;166;172mx[0m
[0m[38;2;187;173;161mk[38;2;189;176;163mk[38;2;191;179;167mO[38;2;192;182;171mO[38;2;194;184;174mO[38;2;195;186;175mO[38;2;185;176;166mk[38;2;90;87;82m;[38;2;62;61;57m.[38;2;72;71;68m'[38;2;66;65;61m'[38;2;56;55;51m.[38;2;108;108;106m:[38;2;101;103;104m:[38;2;122;89;77m;[38;2;122;103;111m:[38;2;149;101;80mc[38;2;149;95;72m:[38;2;138;83;60m;[38;2;136;80;57m;[38;2;136;80;57m;[38;2;136;80;57m;[38;2;136;80;57m;[38;2;91;66;54m'[38;2;63;62;58m.[38;2;71;70;66m'[38;2;71;70;66m'[38;2;61;60;56m.[38;2;59;58;54m.[38;2;69;68;64m'[38;2;67;66;62m'[38;2;69;68;64m'[38;2;60;59;55m.[38;2;62;61;57m.[38;2;70;69;65m'[38;2;68;67;63m'[38;2;67;66;62m'[38;2;58;57;53m..[38;2;69;68;64m'[38;2;65;64;60m.[38;2;58;57;53m..[38;2;65;64;61m'[38;2;67;66;62m'[38;2;65;64;60m.[38;2;58;57;53m..[38;2;101;101;98m:[38;2;184;184;183mO[38;2;191;191;191m0[38;2;190;191;191mO[38;2;190;191;191mO[38;2;192;193;193m0[38;2;191;192;191m0[38;2;188;191;188mO[38;2;186;189;186mO[38;2;188;191;186mO[38;2;195;196;187m0[38;2;200;201;183m0[38;2;202;203;179m0[38;2;196;199;178m0[38;2;187;190;178mO[38;2;177;180;178mk[38;2;170;174;175mk[38;2;167;171;172mk[38;2;165;169;170mx[38;2;163;167;169mx[38;2;161;164;169mx[38;2;160;161;168mx[0m
[0m[38;2;193;176;161mk[38;2;196;179;165mO[38;2;198;183;169mO[38;2;200;186;172mO[38;2;202;189;175m0[38;2;203;190;176m0[38;2;193;180;167mO[38;2;92;88;82m;[38;2;63;62;58m.[38;2;100;99;96m:[38;2;71;70;66m'[38;2;56;55;51m.[38;2;98;97;95m;[38;2;103;103;102m:[38;2;70;69;67m'[38;2;79;79;77m,[38;2;72;71;68m'[38;2;66;65;62m'[38;2;58;57;54m.[38;2;49;48;45m....[38;2;53;52;48m.[38;2;60;59;55m.[38;2;73;97;125m;[38;2;70;90;111m,[38;2;52;51;49m.[38;2;43;51;55m.[38;2;45;46;48m.[38;2;45;46;48m.[38;2;45;46;48m........[38;2;58;60;61m.[38;2;54;55;57m.[38;2;58;59;60m.[38;2;50;51;53m.[38;2;45;46;48m.....[38;2;50;51;53m.[38;2;60;61;62m.[38;2;64;65;66m'[38;2;64;65;66m'[38;2;66;67;68m'[38;2;117;115;114mc[38;2;194;189;184mO[38;2;199;195;188m0[38;2;196;193;185m0[38;2;194;191;184mO[38;2;192;189;179mO[38;2;192;189;178mO[38;2;191;188;175mO[38;2;188;185;173mO[38;2;183;181;173mO[38;2;178;176;171mk[38;2;174;173;168mk[38;2;172;170;166mk[38;2;170;168;166mk[38;2;167;166;167mx[38;2;163;163;164mx[38;2;160;159;162mx[0m
[0m[38;2;198;179;164mO[38;2;200;183;167mO[38;2;203;186;171mO[38;2;205;188;173m0[38;2;206;189;174m0[38;2;202;181;160mO[38;2;190;167;142mk[38;2;92;86;78m,[38;2;63;62;58m.[38;2;66;65;61m'[38;2;68;67;63m'[38;2;56;55;51m.[38;2;55;60;60m.[38;2;45;45;44m.[38;2;56;57;55m.[38;2;91;98;106m;[38;2;79;78;76m,[38;2;70;69;67m'[38;2;64;63;60m.[38;2;52;51;48m.[38;2;49;48;45m...[38;2;53;52;48m.[38;2;60;59;55m.[38;2;70;69;65m'[38;2;66;65;61m'[38;2;48;47;44m.[38;2;45;56;59m.[38;2;45;53;55m.[38;2;55;54;51m.[38;2;74;73;70m'[38;2;68;67;65m'[38;2;57;56;54m.[38;2;54;53;50m.[38;2;49;48;45m..................[38;2;99;95;89m;[38;2;191;181;171mO[38;2;205;195;183m0[38;2;202;193;179m0[38;2;200;191;177m0[38;2;196;188;172mO[38;2;193;185;170mO[38;2;191;184;168mO[38;2;188;181;166mO[38;2;187;180;166mO[38;2;186;178;165mk[38;2;185;177;167mk[38;2;183;175;168mk[38;2;179;172;165mk[38;2;174;168;162mk[38;2;170;164;158mx[38;2;166;160;156mx[0m
[0m[38;2;200;181;164mO[38;2;203;184;167mO[38;2;204;186;170mO[38;2;206;188;172mO[38;2;203;182;165mO[38;2;161;124;64ml[38;2;132;101;37m:[38;2;81;72;54m'[38;2;60;59;55m...[38;2;56;55;51m.[38;2;57;88;98m,[38;2;116;122;124mc[38;2;81;82;81m,[38;2;73;83;93m,[38;2;73;72;69m'[38;2;57;56;53m.[38;2;49;48;45m.....[38;2;54;53;49m.[38;2;60;59;55m..[38;2;58;57;53m.[38;2;48;47;44m.[38;2;59;58;55m.[38;2;70;69;67m'[38;2;63;62;60m.[38;2;64;63;60m.[38;2;66;65;62m'[38;2;61;60;57m.[38;2;63;62;59m.[38;2;67;66;63m'[38;2;59;58;56m.[38;2;64;63;60m.[38;2;66;65;62m'[38;2;67;66;64m'[38;2;61;60;58m.[38;2;63;62;59m.[38;2;66;65;62m'[38;2;66;65;62m'[38;2;66;65;62m'[38;2;57;56;53m.[38;2;51;50;48m.......[38;2;100;94;86m;[38;2;194;179;162mO[38;2;209;193;175m0[38;2;208;192;173m0[38;2;201;187;165mO[38;2;195;182;156mO[38;2;189;178;150mk[38;2;187;176;151mk[38;2;190;177;158mk[38;2;193;181;163mO[38;2;204;190;161mO[38;2;208;184;131mO[38;2;199;169;111mk[38;2;181;157;120mx[38;2;185;171;154mk[38;2;179;166;153mk[38;2;175;162;140mx[0m
[0m[38;2;202;182;165mO[38;2;204;184;165mO[38;2;205;186;167mO[38;2;207;188;170m0[38;2;208;189;171m0[38;2;208;189;171m0[38;2;197;180;162mO[38;2;94;88;81m;[38;2;63;62;58m.[38;2;60;59;55m.[38;2;59;58;54m.[38;2;54;53;49m.[38;2;55;54;51m.[38;2;57;56;53m.[38;2;50;49;47m.[38;2;49;48;45m........[38;2;53;52;48m.[38;2;60;59;55m..[38;2;58;57;53m.[38;2;48;47;44m.[38;2;62;61;58m.[38;2;83;82;80m,[38;2;81;80;78m,[38;2;81;80;78m,[38;2;81;80;78m,[38;2;78;77;75m,[38;2;81;80;78m,[38;2;80;79;77m,[38;2;81;80;78m,[38;2;82;81;79m,[38;2;82;81;79m,[38;2;82;81;79m,[38;2;81;80;78m,[38;2;79;78;76m,[38;2;77;77;82m,[38;2;76;76;79m,[38;2;79;78;77m,[38;2;82;81;79m,[38;2;80;79;77m,[38;2;80;79;77m,[38;2;80;79;77m,[38;2;83;82;80m,[38;2;69;68;66m'[38;2;62;61;59m..[38;2;102;95;85m;[38;2;199;180;156mO[38;2;214;194;169m0[38;2;211;191;164m0[38;2;203;184;153mO[38;2;194;176;139mk[38;2;189;171;133mk[38;2;187;169;133mk[38;2;193;175;147mk[38;2;202;191;167m0[38;2;209;205;168m0[38;2;203;193;142mO[38;2;201;185;134mO[38;2;187;168;126mk[38;2;190;166;129mk[38;2;180;158;130mx[38;2;177;154;125mx[0m
[0m[38;2;204;183;164mO[38;2;206;185;165mO[38;2;207;186;167mO[38;2;209;188;170m0[38;2;210;190;171m0[38;2;211;191;173m0[38;2;191;185;160mO[38;2;106;132;102mc[38;2;124;120;110mc[38;2;122;115;107mc[38;2;112;105;97m:[38;2;84;84;82m,[38;2;84;84;82m,[38;2;101;95;88m;[38;2;62;59;55m.[38;2;49;48;45m........[38;2;53;52;48m.[38;2;60;59;55m..[38;2;58;57;53m.[38;2;48;47;44m.[38;2;61;60;58m.[38;2;82;81;79m,[38;2;82;81;79m,[38;2;80;79;77m,[38;2;75;74;72m'[38;2;71;70;68m'[38;2;73;72;70m'[38;2;71;70;68m'[38;2;72;71;69m'[38;2;73;72;70m'[38;2;65;64;62m'[38;2;62;61;59m..[38;2;62;61;59m.[38;2;63;63;62m.[38;2;64;63;63m.[38;2;63;62;60m.[38;2;63;62;60m.[38;2;62;61;59m...[38;2;63;62;60m.[38;2;62;61;59m...[38;2;103;94;82m;[38;2;202;177;149mO[38;2;216;190;157m0[38;2;214;187;152mO[38;2;208;181;145mO[38;2;201;175;134mk[38;2;196;169;126mk[38;2;195;166;125mk[38;2;199;170;135mk[38;2;203;179;148mO[38;2;206;188;158mO[38;2;202;184;150mO[38;2;199;175;143mk[38;2;197;168;138mk[38;2;193;162;128mx[38;2;189;157;121mx[38;2;185;153;118mx[0m
[0m[38;2;205;182;163mO[38;2;207;184;163mO[38;2;209;186;165mO[38;2;211;189;168m0[38;2;212;191;171m0[38;2;214;193;173m0[38;2;211;193;174m0[38;2;195;188;165mO[38;2;211;194;175m0[38;2;215;197;177m0[38;2;216;199;180m0[38;2;199;187;174mO[38;2;201;189;177mO[38;2;205;190;177m0[38;2;90;86;80m,[38;2;49;48;45m........[38;2;53;52;48m.[38;2;60;59;55m..[38;2;58;57;53m.[38;2;48;47;44m.[38;2;61;60;57m.[38;2;75;74;72m'[38;2;75;74;72m'[38;2;74;73;71m'[38;2;67;67;72m'[38;2;68;68;74m'[38;2;68;68;75m'[38;2;68;68;73m'[38;2;69;69;76m'[38;2;67;68;73m'[38;2;65;64;66m'[38;2;62;61;59m..............[38;2;104;93;79m;[38;2;201;173;138mk[38;2;215;183;142mO[38;2;212;181;139mO[38;2;207;175;132mO[38;2;201;170;124mk[38;2;198;166;119mk[38;2;198;165;121mk[38;2;203;170;133mk[38;2;205;171;138mk[38;2;198;171;117mk[38;2;182;165;81mx[38;2;194;164;113mx[38;2;202;167;135mk[38;2;200;164;132mk[38;2;197;161;129mk[38;2;195;158;126mx[0m
[0m[38;2;206;182;162mO[38;2;209;185;163mO[38;2;211;187;165m0[38;2;212;189;168m0[38;2;213;191;170m0[38;2;215;193;172m0[38;2;216;195;174m0[38;2;218;197;177m0[38;2;220;199;178m0[38;2;220;201;181mK[38;2;222;203;184mK[38;2;223;206;188mK[38;2;223;207;191mK[38;2;211;196;182m0[38;2;91;87;81m;[38;2;49;48;45m........[38;2;53;52;48m.[38;2;60;59;55m..[38;2;58;57;53m.[38;2;48;47;44m.[38;2;62;61;58m.[38;2;83;82;80m,[38;2;78;78;82m,[38;2;77;77;82m,[38;2;75;75;82m,[38;2;74;76;90m,[38;2;73;74;87m'[38;2;73;75;88m,[38;2;73;75;87m,[38;2;72;73;84m'[38;2;68;68;75m'[38;2;63;63;62m.[38;2;62;61;59m.............[38;2;103;92;77m;[38;2;201;170;132mk[38;2;216;182;139mO[38;2;216;181;139mO[38;2;212;177;136mO[38;2;207;173;130mk[38;2;206;169;126mk[38;2;206;169;129mk[38;2;209;173;138mk[38;2;209;173;140mO[38;2;194;160;107mx[38;2;163;138;53mo[38;2;179;145;81md[38;2;196;159;122mx[38;2;199;163;131mk[38;2;195;158;123mx[38;2;184;146;104md[0m
[0m[38;2;206;181;159mO[38;2;208;184;161mO[38;2;211;186;164mO[38;2;213;189;166m0[38;2;214;191;169m0[38;2;215;194;172m0[38;2;217;195;174m0[38;2;219;197;175m0[38;2;220;198;176m0[38;2;221;200;179mK[38;2;222;202;181mK[38;2;223;204;185mK[38;2;223;205;188mK[38;2;211;195;180m0[38;2;96;91;85m;[38;2;60;59;56m.[38;2;60;59;56m.[38;2;59;58;55m.[38;2;59;58;55m.[38;2;61;60;57m.[38;2;55;54;51m.[38;2;49;48;45m..[38;2;51;50;47m.[38;2;55;54;51m..[38;2;53;52;49m.[38;2;45;44;41m.[38;2;61;60;59m.[38;2;77;77;84m,[38;2;77;77;83m,[38;2;73;74;86m'[38;2;72;73;85m'[38;2;74;76;89m,[38;2;72;73;84m'[38;2;73;75;88m,[38;2;73;74;86m'[38;2;74;75;88m,[38;2;72;73;83m'[38;2;68;69;75m'[38;2;67;67;72m'[38;2;68;68;73m'[38;2;67;67;71m'[38;2;66;66;69m'[38;2;67;67;72m'[38;2;68;68;73m'[38;2;70;69;68m'[38;2;72;71;69m'[38;2;72;71;69m'[38;2;71;70;68m'[38;2;72;71;69m'[38;2;70;69;67m'[38;2;62;61;59m.[38;2;101;90;71m;[38;2;200;169;129mk[38;2;220;186;147m0[38;2;221;187;151m0[38;2;218;183;147mO[38;2;213;178;141mO[38;2;210;175;138mO[38;2;209;173;137mO[38;2;210;175;142mO[38;2;209;174;142mO[38;2;206;171;139mk[38;2;197;161;122mx[38;2;195;159;123mx[38;2;182;147;98md[38;2;176;144;92md[38;2;188;152;115mx[38;2;195;160;131mx[0m
[0m[38;2;204;178;155mO[38;2;207;182;158mO[38;2;209;185;161mO[38;2;211;187;164m0[38;2;213;189;163m0[38;2;211;191;150m0[38;2;208;191;142mO[38;2;216;194;164m0[38;2;220;198;174m0[38;2;221;200;177mK[38;2;222;201;179mK[38;2;223;202;181mK[38;2;223;204;183mK[38;2;220;202;182mK[38;2;200;184;167mO[38;2;186;172;156mk[38;2;184;171;156mk[38;2;185;171;157mk[38;2;185;171;157mk[38;2;185;172;158mk[38;2;186;172;157mk[38;2;182;168;147mk[38;2;178;164;137mx[38;2;182;167;144mk[38;2;187;173;156mk[38;2;187;174;158mk[38;2;182;169;155mk[38;2;138;128;116ml[38;2;56;55;51m.[38;2;55;54;50m.[38;2;55;53;50m.[38;2;55;53;49m.[38;2;54;53;49m.[38;2;55;53;50m.[38;2;55;53;50m.[38;2;55;53;50m.[38;2;55;53;50m.[38;2;55;53;50m.[38;2;55;53;50m.[38;2;54;53;49m.[38;2;53;50;46m.[38;2;52;50;45m.[38;2;54;52;49m.[38;2;55;53;50m.[38;2;55;53;50m.[38;2;55;53;50m.[38;2;55;53;49m.[38;2;54;53;49m.[38;2;55;53;49m.[38;2;55;53;49m.[38;2;65;63;60m.[38;2;71;69;66m'[38;2;70;68;65m'[38;2;105;96;74m;[38;2;183;163;106mx[38;2;195;171;114mk[38;2;196;171;122mk[38;2;189;165;113mx[38;2;188;163;112mx[38;2;205;174;135mk[38;2;207;175;139mO[38;2;209;177;147mO[38;2;208;177;149mO[38;2;206;176;150mO[38;2;198;166;137mk[38;2;182;150;107md[38;2;181;149;102md[38;2;194;162;131mx[38;2;197;164;134mk[38;2;189;155;119mx[0m
[0m[38;2;202;174;150mk[38;2;204;177;152mO[38;2;206;180;156mO[38;2;208;181;158mO[38;2;210;183;158mO[38;2;206;181;144mO[38;2;203;178;135mO[38;2;210;185;153mO[38;2;214;189;158m0[38;2;215;191;161m0[38;2;217;194;164m0[38;2;219;197;168m0[38;2;220;198;172m0[38;2;221;200;175mK[38;2;223;202;178mK[38;2;225;205;183mK[38;2;226;207;186mK[38;2;227;208;188mK[38;2;228;209;190mK[38;2;229;210;191mK[38;2;230;211;192mK[38;2;230;211;192mX[38;2;227;208;186mK[38;2;223;203;175mK[38;2;224;204;176mK[38;2;229;210;187mK[38;2;228;209;185mK[38;2;214;195;167m0[38;2;198;181;157mO[38;2;193;177;159mO[38;2;190;174;154mk[38;2;187;170;148mk[38;2;185;169;145mk[38;2;186;171;151mk[38;2;187;172;153mk[38;2;190;175;159mk[38;2;190;176;160mk[38;2;191;176;162mk[38;2;191;177;162mk[38;2;190;175;160mk[38;2;183;165;147mk[38;2;182;164;147mx[38;2;188;172;157mk[38;2;190;175;159mk[38;2;190;174;157mk[38;2;190;172;156mk[38;2;189;171;152mk[38;2;187;168;147mk[38;2;183;164;137mx[38;2;182;161;132mx[38;2;179;157;128mx[38;2;177;156;125mx[38;2;187;165;139mk[38;2;206;182;157mO[38;2;217;191;166m0[38;2;213;186;158mO[38;2;203;175;138mk[38;2;196;167;125mk[38;2;196;166;126mk[38;2;173;154;85md[38;2;188;162;111mx[38;2;196;169;127mk[38;2;195;168;130mk[38;2;193;167;131mk[38;2;181;153;109md[38;2;178;148;100md[38;2;189;158;125mx[38;2;192;161;130mx[38;2;191;159;128mx[38;2;192;160;132mx[0m
[0m[38;2;175;138;114md[38;2;186;144;117md[38;2;177;143;119md[38;2;162;139;119mo[38;2;164;139;119mo[38;2;165;141;120md[38;2;166;143;122md[38;2;166;144;122md[38;2;169;150;125md[38;2;161;144;125md[38;2;162;146;127md[38;2;163;147;128md[38;2;163;148;128md[38;2;166;151;130md[38;2;164;149;128md[38;2;163;154;137md[38;2;160;155;142md[38;2;167;154;133md[38;2;166;154;135md[38;2;167;154;136md[38;2;168;155;138mx[38;2;170;157;141mx[38;2;169;156;140mx[38;2;173;161;141mx[38;2;174;162;137mx[38;2;165;152;132md[38;2;168;154;135md[38;2;165;151;129md[38;2;165;152;130md[38;2;169;156;139mx[38;2;168;156;137mx[38;2;192;164;139mk[38;2;220;170;136mO[38;2;224;171;137mO[38;2;225;172;140mO[38;2;226;174;143mO[38;2;228;176;145mO[38;2;228;175;146mO[38;2;229;176;148mO[38;2;190;164;146mk[38;2;169;157;144mx[38;2;169;157;143mx[38;2;168;157;142mx[38;2;168;156;142mx[38;2;167;156;141mx[38;2;167;155;140mx[38;2;168;155;140mx[38;2;167;154;139md[38;2;166;153;138md[38;2;164;151;132md[38;2;161;147;125md[38;2;157;143;119mo[38;2;154;139;113mo[38;2;159;144;123md[38;2;161;147;130md[38;2;159;144;127md[38;2;153;137;118mo[38;2;144;128;100ml[38;2;144;127;98ml[38;2;141;128;84ml[38;2;174;158;139mx[38;2;161;153;129md[38;2;155;147;123md[38;2;158;141;114mo[38;2;134;119;79mc[38;2;128;116;69mc[38;2;149;130;104ml[38;2;150;133;116mo[38;2;148;132;114mo[38;2;136;125;105ml[0m
[0m[38;2;138;79;56m;[38;2;159;91;63m:[38;2;117;80;62m;[38;2;77;68;60m'[38;2;84;70;60m'[38;2;84;70;60m'[38;2;73;67;60m'[38;2;96;74;60m,[38;2;111;84;75m;[38;2;86;85;80m,[38;2;84;83;79m,[38;2;86;85;80m,[38;2;84;83;79m,[38;2;84;83;79m,[38;2;75;73;69m'[38;2;68;80;88m,[38;2;72;90;104m,[38;2;86;85;80m,[38;2;86;85;80m,[38;2;87;86;81m,[38;2;84;83;78m,[38;2;79;78;73m,[38;2;80;79;74m,[38;2;82;81;77m,[38;2;96;95;92m;[38;2;84;83;79m,[38;2;66;65;60m'''''[38;2;141;90;67m:[38;2;213;119;80mo[38;2;225;128;89md[38;2;225;124;83md[38;2;225;126;86md[38;2;225;114;69mo[38;2;225;114;69mo[38;2;225;114;69mo[38;2;121;82;63m;[38;2;66;65;60m''''''''''''''''''''[38;2;102;101;97m:[38;2;68;87;64m,[38;2;62;78;57m'[38;2;128;127;124ml[38;2;86;86;82m,[38;2;85;85;80m,[38;2;101;100;95m:[38;2;76;75;70m'[38;2;77;82;85m,[38;2;68;92;119m;[0m
