[0m[38;2;145;149;154md[38;2;129;136;146mo[38;2;111;111;111mccccccccccccc[38;2;116;116;116mc[38;2;116;116;116mc[38;2;116;116;116mc[38;2;111;111;111mcccccccccccccc[38;2;113;113;113mc[38;2;113;113;113mc[38;2;122;122;122ml[38;2;190;190;190mOOOOOOOOOOOOOOOOOOOOOOOOOOOOOOOOOOO[0m
[0m[38;2;126;126;127ml[38;2;86;87;89m;[38;2;26;26;26m [38;2;33;33;33m.[38;2;34;34;34m.[38;2;25;25;25m [38;2;31;31;31m.[38;2;17;17;17m [38;2;14;14;14m       [38;2;20;20;20m [38;2;20;20;20m [38;2;20;20;20m [38;2;14;14;14m             [38;2;16;16;16m [38;2;15;15;15m [38;2;15;15;15m [38;2;41;41;41m.[38;2;190;190;190mOOOOOOOOOOOOOOOOOOOOOOOOOOOOOOOOOOO[0m
[0m[38;2;138;137;138mo[38;2;89;89;89m;[38;2;51;51;51m.[38;2;46;46;46m.[38;2;48;48;48m.[38;2;49;49;49m.[38;2;43;43;43m.[38;2;47;47;47m.[38;2;46;46;46m.[38;2;25;25;25m [38;2;21;21;21m [38;2;4;4;4m [38;2;0;0;0m                      [38;2;29;29;29m [38;2;190;190;190mOOOOOOOOOOOOOOOOOOOOOOOOOOOOOOOOOOO[0m
[0m[38;2;138;137;138mo[38;2;87;87;87m,[38;2;38;38;38m.[38;2;47;47;47m.[38;2;38;38;38m.[38;2;45;45;45m.[38;2;46;46;46m.[38;2;50;50;50m.[38;2;38;38;38m.[38;2;45;45;45m.[38;2;37;37;37m.[38;2;19;19;19m [38;2;24;24;24m [38;2;27;27;27m [38;2;22;22;22m [38;2;23;23;23m [38;2;23;23;23m [38;2;28;28;28m [38;2;27;27;27m [38;2;15;15;15m [38;2;14;14;14m [38;2;27;27;27m [38;2;13;13;13m [38;2;29;29;29m [38;2;26;26;26m [38;2;10;10;10m [38;2;19;19;19m [38;2;12;12;12m [38;2;18;18;18m [38;2;18;18;18m [38;2;10;10;10m [38;2;21;21;21m [38;2;18;18;18m [38;2;19;19;19m [38;2;38;38;38m.[38;2;190;190;190mOOOOOOOOOOOOOOOOOOOOOOOOOOOOOOOOOOO[0m
[0m[38;2;138;137;138mo[38;2;85;85;85m,[38;2;36;36;36m.[38;2;42;42;42m.[38;2;31;31;31m.[38;2;20;20;20m [38;2;20;20;20m [38;2;19;19;19m [38;2;67;64;50m.[38;2;71;67;48m'[38;2;38;38;38m.[38;2;35;35;35m..............[38;2;44;44;44m.[38;2;60;60;60m.[38;2;53;53;53m.[38;2;64;64;64m.[38;2;51;51;51m.[38;2;55;55;55m.[38;2;64;64;64m.[38;2;60;60;60m.[38;2;65;65;65m'[38;2;73;73;73m'[38;2;122;122;122ml[38;2;125;125;125ml[38;2;122;122;122ml[38;2;123;123;123ml[38;2;126;126;126ml[38;2;126;126;126ml[38;2;135;135;135mo[38;2;123;123;123ml[38;2;124;124;124ml[38;2;123;123;123ml[38;2;127;127;127ml[38;2;112;112;112mc[38;2;122;122;122mc[38;2;124;124;124ml[38;2;126;126;126ml[38;2;106;106;106m:[38;2;100;100;100m:::::::::::::::[38;2;103;103;103m:[38;2;105;105;105m:[38;2;107;107;107m:[38;2;110;110;110m:[0m
[0m[38;2;138;137;138mo[38;2;90;90;90m;[38;2;52;52;52m.[38;2;38;38;38m.[38;2;23;23;23m [38;2;32;32;32m.[38;2;28;28;28m [38;2;28;28;28m [38;2;145;145;145md[38;2;197;198;197m0[38;2;201;201;200m0[38;2;201;202;201m0[38;2;194;195;194m0[38;2;206;206;205mK[38;2;200;200;200m0[38;2;190;190;190mO[38;2;197;198;197m0[38;2;202;202;202m0[38;2;206;206;205mK[38;2;193;193;193m0[38;2;202;202;202m0[38;2;206;206;205mK[38;2;194;194;194m0[38;2;198;198;198m0[38;2;196;196;196m0[38;2;193;193;193m0[38;2;206;206;205mK[38;2;200;200;199m0[38;2;192;192;192m0[38;2;194;195;194m0[38;2;203;203;202mK[38;2;200;201;200m0[38;2;195;195;195m0[38;2;196;196;196m0[38;2;210;210;209mK[38;2;194;195;194m0[38;2;192;193;192m0[38;2;208;208;207mK[38;2;200;200;200m0[38;2;190;191;190mO[38;2;206;206;205mK[38;2;211;211;210mK[38;2;211;211;210mK[38;2;211;211;210mKK[38;2;211;211;210mK[38;2;211;211;210mK[38;2;211;211;210mK[38;2;211;211;210mKK[38;2;211;211;210mK[38;2;211;211;210mKK[38;2;211;211;210mK[38;2;211;211;210mK[38;2;211;211;210mK[38;2;211;211;210mKK[38;2;211;211;210mK[38;2;211;211;210mK[38;2;211;211;210mK[38;2;211;211;210mKK[38;2;211;211;210mK[38;2;211;211;210mKK[38;2;211;211;210mK[38;2;211;211;210mK[38;2;211;211;210mK[38;2;199;199;198m0[0m
[0m[38;2;138;137;138mo[38;2;88;88;88m;[38;2;47;47;47m.[38;2;44;44;44m.[38;2;33;33;33m.[38;2;30;30;30m.[38;2;25;25;25m [38;2;9;9;9m [38;2;159;159;159mx[38;2;234;234;233mN[38;2;224;227;229mN[38;2;232;232;231mN[38;2;222;223;222mX[38;2;232;232;231mN[38;2;225;222;215mX[38;2;218;211;200mK[38;2;232;232;231mN[38;2;225;226;225mX[38;2;229;229;228mN[38;2;232;232;231mN[38;2;195;205;216mK[38;2;222;225;228mX[38;2;225;227;228mN[38;2;212;204;208mK[38;2;224;225;227mX[38;2;231;231;230mN[38;2;230;231;229mN[38;2;205;213;223mK[38;2;228;229;229mN[38;2;228;228;227mN[38;2;200;200;198m0[38;2;232;232;231mN[38;2;230;230;229mN[38;2;231;231;230mN[38;2;227;227;226mN[38;2;232;232;231mN[38;2;231;231;230mN[38;2;226;226;225mX[38;2;232;232;231mN[38;2;231;231;230mN[38;2;220;222;224mX[38;2;224;207;196mK[38;2;232;232;231mN[38;2;205;199;196m0[38;2;201;189;183m0[38;2;232;232;231mN[38;2;227;227;226mN[38;2;232;232;231mN[38;2;223;223;222mX[38;2;195;196;195m0[38;2;231;231;230mN[38;2;231;231;230mN[38;2;214;195;195m0[38;2;196;187;151mO[38;2;232;232;231mN[38;2;231;231;230mN[38;2;252;252;252mMMMMMMMMM[38;2;244;244;243mW[38;2;239;240;238mW[38;2;232;232;231mN[38;2;222;222;221mX[38;2;218;218;217mX[0m
[0m[38;2;138;137;138mo[38;2;91;91;91m;[38;2;39;39;39m.[38;2;51;51;51m.[38;2;49;49;49m.[38;2;13;13;13m [38;2;0;0;0m  [38;2;144;144;142mo[38;2;209;209;207mK[38;2;212;212;211mK[38;2;204;205;203mK[38;2;193;194;192m0[38;2;189;190;189mO[38;2;197;197;196m0[38;2;195;196;195m0[38;2;212;212;211mK[38;2;212;212;211mK[38;2;203;203;202mK[38;2;211;211;209mK[38;2;211;211;210mK[38;2;201;202;201m0[38;2;204;205;203mK[38;2;199;200;199m0[38;2;215;216;214mX[38;2;210;211;208mK[38;2;219;219;217mX[38;2;212;212;211mK[38;2;212;212;211mK[38;2;212;212;211mK[38;2;212;212;211mKK[38;2;212;212;210mK[38;2;212;212;211mKK[38;2;212;212;211mK[38;2;212;212;211mK[38;2;212;212;211mK[38;2;212;212;211mK[38;2;212;212;210mK[38;2;212;212;211mK[38;2;212;212;211mK[38;2;212;212;211mK[38;2;212;212;211mKK[38;2;212;212;211mK[38;2;212;212;211mK[38;2;212;212;211mK[38;2;212;212;211mKK[38;2;212;212;211mK[38;2;212;212;210mK[38;2;212;212;211mK[38;2;212;212;211mK[38;2;212;212;211mK[38;2;212;212;210mK[38;2;213;213;211mKK[38;2;213;213;211mK[38;2;213;213;211mK[38;2;213;213;211mK[38;2;213;213;211mKK[38;2;213;213;211mK[38;2;213;213;211mKK[38;2;213;213;211mK[38;2;212;212;210mK[38;2;212;212;211mK[38;2;199;199;197m0[0m
[0m[38;2;138;137;138mo[38;2;86;86;86m,[38;2;33;33;33m.[38;2;7;7;7m [38;2;18;18;18m [38;2;3;3;3m [38;2;0;0;0m  [38;2;147;147;146md[38;2;211;212;211mK[38;2;207;214;220mK[38;2;201;208;215mK[38;2;192;199;206m0[38;2;202;209;216mK[38;2;196;203;210m0[38;2;202;209;216mK[38;2;206;213;219mK[38;2;227;229;231mN[38;2;228;228;226mN[38;2;201;203;203m0[38;2;189;196;202m0[38;2;182;189;196mO[38;2;197;204;210m0[38;2;199;206;212mK[38;2;193;200;219m0[38;2;184;191;216m0[38;2;186;192;216m0[38;2;206;206;217mK[38;2;201;201;215m0[38;2;204;204;216mK[38;2;214;213;212mK[38;2;214;214;213mK[38;2;212;212;211mK[38;2;218;218;217mX[38;2;221;221;220mX[38;2;220;220;219mX[38;2;207;207;206mK[38;2;218;218;217mX[38;2;221;221;220mX[38;2;211;211;210mK[38;2;217;217;216mX[38;2;214;214;213mK[38;2;214;214;213mK[38;2;213;213;212mK[38;2;219;219;218mX[38;2;218;218;217mX[38;2;212;212;211mK[38;2;212;212;211mK[38;2;216;216;215mX[38;2;212;212;211mK[38;2;218;218;217mX[38;2;228;228;227mN[38;2;231;231;230mN[38;2;231;231;230mN[38;2;231;231;230mN[38;2;231;231;230mN[38;2;231;231;230mNN[38;2;231;231;230mN[38;2;231;231;230mN[38;2;231;231;230mN[38;2;231;231;230mNN[38;2;231;231;230mN[38;2;231;231;230mNN[38;2;231;231;230mN[38;2;231;231;230mN[38;2;229;230;228mN[38;2;184;185;184mO[0m
[0m[38;2;138;137;138mo[38;2;73;73;73m'[38;2;0;0;0m      [38;2;168;168;168mx[38;2;252;252;252mM[38;2;251;251;251mM[38;2;254;254;254mM[38;2;252;252;252mM[38;2;253;253;253mM[38;2;253;253;253mM[38;2;252;252;252mM[38;2;253;253;253mM[38;2;255;255;255mM[38;2;250;250;250mM[38;2;204;204;204mK[38;2;191;191;191mO[38;2;180;180;180mO[38;2;208;208;208mK[38;2;218;218;218mX[38;2;245;223;223mN[38;2;252;241;241mW[38;2;253;244;244mW[38;2;252;241;241mW[38;2;253;244;244mW[38;2;252;241;241mW[38;2;252;240;240mW[38;2;252;236;236mW[38;2;252;240;240mW[38;2;252;236;236mW[38;2;252;241;241mW[38;2;252;239;239mW[38;2;254;251;251mM[38;2;252;238;238mW[38;2;252;239;239mW[38;2;253;244;244mW[38;2;251;235;235mW[38;2;253;245;245mW[38;2;251;236;236mW[38;2;252;236;236mW[38;2;253;246;246mW[38;2;253;242;242mW[38;2;254;249;249mM[38;2;252;236;236mW[38;2;252;240;240mW[38;2;253;243;243mW[38;2;255;253;253mM[38;2;252;240;240mW[38;2;251;235;235mW[38;2;253;246;246mW[38;2;253;242;242mW[38;2;250;231;231mN[38;2;254;250;250mM[38;2;255;255;255mM[38;2;252;240;240mW[38;2;252;239;239mW[38;2;252;239;239mW[38;2;252;239;239mW[38;2;253;246;246mW[38;2;251;235;235mW[38;2;253;242;242mW[38;2;252;236;236mW[38;2;254;248;248mM[38;2;252;241;241mW[38;2;249;244;242mW[38;2;157;159;159mx[0m
[0m[38;2;138;137;138mo[38;2;73;73;73m'[38;2;0;0;0m      [38;2;168;168;168mk[38;2;255;255;255mMMMMMMMMM[38;2;250;250;250mM[38;2;204;204;204mK[38;2;190;190;190mO[38;2;176;176;176mk[38;2;208;208;208mK[38;2;218;218;218mX[38;2;244;233;233mN[38;2;233;226;226mN[38;2;251;235;235mW[38;2;254;249;249mM[38;2;251;234;234mW[38;2;252;238;238mW[38;2;254;249;249mM[38;2;253;242;242mW[38;2;252;238;238mW[38;2;251;233;233mW[38;2;253;243;243mW[38;2;252;240;240mW[38;2;252;239;239mW[38;2;252;240;240mW[38;2;252;239;239mW[38;2;252;238;238mW[38;2;252;241;241mW[38;2;254;250;250mM[38;2;255;254;254mM[38;2;255;255;255mMMMMMMMMMMMMMMMMMMMMMMMMM[38;2;251;254;251mM[38;2;184;185;184mO[0m
[0m[38;2;146;146;146md[38;2;97;97;97m;[38;2;44;44;44m......[38;2;177;177;177mk[38;2;255;255;255mMMMMMMMMM[38;2;250;250;250mM[38;2;204;204;204mK[38;2;190;190;190mO[38;2;178;178;178mk[38;2;208;208;208mK[38;2;218;218;218mX[38;2;245;219;219mN[38;2;251;233;233mW[38;2;250;230;230mN[38;2;252;237;237mW[38;2;251;232;232mN[38;2;251;234;234mW[38;2;252;240;240mW[38;2;251;235;235mW[38;2;253;244;244mW[38;2;252;239;239mW[38;2;253;245;245mW[38;2;253;243;243mW[38;2;252;240;240mW[38;2;252;239;239mW[38;2;251;234;234mW[38;2;252;236;236mW[38;2;253;242;242mW[38;2;253;246;246mW[38;2;254;249;249mM[38;2;255;255;255mM[38;2;255;254;254mM[38;2;255;255;255mM[38;2;255;253;253mM[38;2;255;255;255mMMMMMMM[38;2;255;254;254mM[38;2;255;255;255mMMMM[38;2;255;254;254mM[38;2;255;255;255mMMM[38;2;255;254;254mM[38;2;255;254;254mM[38;2;255;255;255mMMM[38;2;251;254;251mM[38;2;187;188;187mO[0m
[0m[38;2;190;190;190mOOOOOOOO[38;2;206;206;206mK[38;2;255;255;255mMMMMMMMMM[38;2;250;250;250mM[38;2;204;204;204mK[38;2;189;189;189mO[38;2;172;172;172mk[38;2;208;208;208mK[38;2;218;218;218mX[38;2;245;222;222mN[38;2;250;231;231mN[38;2;249;224;224mN[38;2;251;234;234mW[38;2;250;227;227mN[38;2;248;220;220mN[38;2;251;232;232mW[38;2;249;220;220mN[38;2;250;231;231mN[38;2;248;218;218mN[38;2;252;238;238mW[38;2;250;225;225mN[38;2;249;220;220mN[38;2;249;223;223mN[38;2;249;220;220mN[38;2;248;215;215mX[38;2;250;230;230mN[38;2;247;213;213mX[38;2;252;237;237mW[38;2;252;237;237mW[38;2;250;226;226mN[38;2;249;225;225mN[38;2;248;219;219mN[38;2;248;218;218mN[38;2;250;227;227mN[38;2;252;237;237mW[38;2;248;220;220mN[38;2;249;223;223mN[38;2;250;227;227mN[38;2;252;237;237mW[38;2;249;223;223mN[38;2;249;225;225mN[38;2;252;237;237mW[38;2;250;225;225mN[38;2;249;223;223mN[38;2;248;215;215mX[38;2;250;228;228mN[38;2;252;239;239mW[38;2;248;217;217mN[38;2;249;223;223mN[38;2;249;223;223mN[38;2;249;223;223mN[38;2;252;237;237mW[38;2;249;221;221mN[38;2;244;217;214mX[38;2;187;188;187mO[0m
[0m[38;2;190;190;190mOOOOOOOO[38;2;206;206;206mK[38;2;255;255;255mMMMMMMMMM[38;2;250;250;250mM[38;2;204;204;204mK[38;2;185;185;185mO[38;2;176;176;176mk[38;2;208;208;208mK[38;2;218;218;218mX[38;2;246;234;234mW[38;2;249;242;242mW[38;2;249;234;234mW[38;2;244;232;232mN[38;2;247;240;240mW[38;2;246;232;232mN[38;2;245;229;229mN[38;2;249;244;244mW[38;2;251;234;234mW[38;2;252;236;236mW[38;2;252;239;239mW[38;2;255;253;253mM[38;2;252;236;236mW[38;2;253;242;242mW[38;2;253;243;243mW[38;2;251;235;235mW[38;2;252;239;239mW[38;2;255;253;253mM[38;2;255;255;255mMMMMMMMMMMMMMMMMMMMMMMMMMM[38;2;251;254;251mM[38;2;187;188;187mO[0m
[0m[38;2;190;190;190mOOOOOOOO[38;2;206;206;206mK[38;2;255;255;255mMMMMMMMMM[38;2;250;250;250mM[38;2;204;204;204mK[38;2;186;186;186mO[38;2;177;177;177mk[38;2;208;208;208mK[38;2;218;218;218mX[38;2;240;226;226mN[38;2;237;223;223mN[38;2;243;222;222mN[38;2;231;216;216mX[38;2;233;212;212mX[38;2;238;220;220mX[38;2;237;229;229mN[38;2;238;219;219mX[38;2;251;234;234mW[38;2;253;247;247mW[38;2;251;232;232mN[38;2;253;246;246mW[38;2;251;231;231mN[38;2;252;239;239mW[38;2;251;234;234mW[38;2;251;236;236mW[38;2;253;247;247mW[38;2;251;234;234mW[38;2;254;250;250mM[38;2;254;247;247mW[38;2;250;229;229mN[38;2;252;241;241mW[38;2;253;243;243mW[38;2;251;236;236mW[38;2;253;242;242mW[38;2;251;233;233mW[38;2;252;237;237mW[38;2;254;251;251mM[38;2;251;231;231mN[38;2;252;240;240mW[38;2;253;247;247mW[38;2;253;242;242mW[38;2;255;255;255mMMMMMMMMMMMM[38;2;251;254;251mM[38;2;187;188;187mO[0m
[0m[38;2;190;190;190mOO[38;2;180;180;180mO[38;2;144;144;144moo[38;2;147;147;147md[38;2;149;149;149md[38;2;151;151;151md[38;2;162;162;162mx[38;2;193;193;193m0[38;2;191;191;191m0[38;2;186;186;186mOO[38;2;213;213;213mK[38;2;255;255;255mMMMM[38;2;250;250;250mM[38;2;204;204;204mK[38;2;186;186;186mO[38;2;175;175;175mk[38;2;208;208;208mK[38;2;218;218;218mX[38;2;245;221;221mN[38;2;251;234;234mW[38;2;248;217;217mN[38;2;248;216;216mX[38;2;249;224;224mN[38;2;251;232;232mN[38;2;250;227;227mN[38;2;247;212;212mX[38;2;247;211;211mX[38;2;249;221;221mN[38;2;248;219;219mN[38;2;252;238;238mW[38;2;247;213;213mX[38;2;247;211;211mX[38;2;249;221;221mN[38;2;250;227;227mN[38;2;252;240;240mW[38;2;251;233;233mW[38;2;251;233;233mW[38;2;252;238;238mW[38;2;250;229;229mN[38;2;251;232;232mN[38;2;252;241;241mW[38;2;250;229;229mN[38;2;252;236;236mW[38;2;252;238;238mW[38;2;250;230;230mN[38;2;251;235;235mW[38;2;251;234;234mW[38;2;251;231;231mN[38;2;251;234;234mW[38;2;252;238;238mW[38;2;251;235;235mW[38;2;250;226;226mN[38;2;253;242;242mW[38;2;255;252;252mM[38;2;254;249;249mM[38;2;254;252;252mM[38;2;254;251;251mM[38;2;255;255;255mMMMMM[38;2;251;254;251mM[38;2;187;188;187mO[0m
[0m[38;2;190;190;190mOO[38;2;159;159;159mx[38;2;45;45;45m.[38;2;44;44;44m.[38;2;55;55;55m.[38;2;68;68;68m'[38;2;63;63;63m.[38;2;61;61;61m.[38;2;51;51;51m.[38;2;46;46;46m.[38;2;34;34;34m.[38;2;38;38;38m.[38;2;122;122;122ml[38;2;255;255;255mMMMM[38;2;250;250;250mM[38;2;204;204;204mK[38;2;187;187;187mO[38;2;175;175;175mk[38;2;208;208;208mK[38;2;218;218;218mX[38;2;245;219;219mN[38;2;255;255;255mM[38;2;252;238;238mW[38;2;248;219;219mN[38;2;249;223;223mN[38;2;246;207;207mX[38;2;249;220;220mN[38;2;251;231;231mN[38;2;248;219;219mN[38;2;247;212;212mX[38;2;249;222;222mN[38;2;250;228;228mN[38;2;249;222;222mN[38;2;250;230;230mN[38;2;249;224;224mN[38;2;252;236;236mW[38;2;250;230;230mN[38;2;250;228;228mN[38;2;249;223;223mN[38;2;250;226;226mN[38;2;248;217;217mN[38;2;248;219;219mN[38;2;253;244;244mW[38;2;248;220;220mN[38;2;249;223;223mN[38;2;250;230;230mN[38;2;249;223;223mN[38;2;250;229;229mN[38;2;249;223;223mN[38;2;250;227;227mN[38;2;248;216;216mX[38;2;251;232;232mN[38;2;248;217;217mN[38;2;250;228;228mN[38;2;249;222;222mN[38;2;251;233;233mW[38;2;248;217;217mN[38;2;250;226;226mN[38;2;249;223;223mN[38;2;253;243;243mW[38;2;255;255;255mMMMM[38;2;251;254;251mM[38;2;187;188;187mO[0m
[0m[38;2;190;190;190mOO[38;2;158;158;158mx[38;2;44;44;44m.[38;2;48;48;48m.[38;2;46;46;46m.[38;2;36;36;36m.[38;2;33;33;33m..[38;2;33;33;33m.[38;2;33;33;33m.[38;2;33;33;33m.[38;2;37;37;37m.[38;2;121;121;121mc[38;2;255;255;255mMMMM[38;2;250;250;250mM[38;2;204;204;204mK[38;2;187;187;187mO[38;2;172;172;172mk[38;2;208;208;208mK[38;2;218;218;218mX[38;2;244;224;225mN[38;2;244;234;238mN[38;2;244;224;227mN[38;2;241;224;229mN[38;2;235;212;220mX[38;2;241;213;217mX[38;2;245;224;226mN[38;2;244;217;217mX[38;2;246;232;232mN[38;2;240;206;206mX[38;2;243;210;210mX[38;2;246;224;224mN[38;2;243;225;225mN[38;2;246;230;230mN[38;2;247;241;241mW[38;2;243;230;230mN[38;2;252;252;252mM[38;2;252;252;252mM[38;2;250;250;250mM[38;2;249;249;249mW[38;2;245;245;245mW[38;2;253;253;253mM[38;2;250;250;250mM[38;2;249;249;249mW[38;2;248;248;248mW[38;2;248;248;248mW[38;2;250;250;250mM[38;2;249;249;249mWW[38;2;250;250;250mM[38;2;249;249;249mW[38;2;247;247;247mW[38;2;250;250;250mM[38;2;249;249;249mW[38;2;251;251;251mM[38;2;248;248;248mW[38;2;250;250;250mM[38;2;250;250;250mM[38;2;248;248;248mW[38;2;250;250;250mM[38;2;248;248;248mW[38;2;247;247;247mW[38;2;255;255;255mMM[38;2;251;254;251mM[38;2;187;188;187mO[0m
[0m[38;2;190;190;190mOO[38;2;157;157;157mx[38;2;45;45;45m.[38;2;46;46;46m.[38;2;38;38;38m.[38;2;34;34;34m.[38;2;29;29;29m  [38;2;29;29;29m [38;2;29;29;29m [38;2;29;29;29m [38;2;34;34;34m.[38;2;117;117;117mc[38;2;255;255;255mMMMM[38;2;250;250;250mM[38;2;198;198;198m0[38;2;185;185;185mO[38;2;174;175;175mk[38;2;199;199;199m0[38;2;207;207;207mK[38;2;225;215;217mX[38;2;216;216;227mX[38;2;227;220;225mX[38;2;217;202;211mK[38;2;217;202;210mK[38;2;210;208;220mK[38;2;223;207;210mK[38;2;226;214;214mX[38;2;226;214;214mX[38;2;218;210;210mK[38;2;223;207;208mK[38;2;235;231;231mN[38;2;225;207;207mK[38;2;231;215;215mX[38;2;230;214;214mX[38;2;227;212;212mX[38;2;231;226;226mN[38;2;233;218;218mX[38;2;233;228;228mN[38;2;226;214;214mX[38;2;225;216;216mX[38;2;233;223;223mN[38;2;227;215;215mX[38;2;231;215;215mX[38;2;235;230;230mN[38;2;224;208;208mK[38;2;230;215;215mX[38;2;231;225;225mN[38;2;229;229;229mN[38;2;229;229;229mN[38;2;237;237;237mN[38;2;229;229;229mN[38;2;230;231;231mN[38;2;231;231;231mN[38;2;232;233;233mN[38;2;227;227;227mN[38;2;230;230;230mN[38;2;230;230;230mNN[38;2;236;237;237mN[38;2;231;231;231mN[38;2;229;230;230mN[38;2;244;244;244mWW[38;2;240;243;240mW[38;2;192;192;192m0[0m
[0m[38;2;190;190;190mOO[38;2;156;156;156md[38;2;35;35;35m.[38;2;39;39;39m.[38;2;37;37;37m.[38;2;45;45;45m.[38;2;32;32;32m.[38;2;31;31;31m.[38;2;26;26;26m [38;2;30;30;30m.[38;2;29;29;29m [38;2;31;31;31m.[38;2;99;99;98m:[38;2;219;219;217mX[38;2;230;230;229mN[38;2;238;238;238mW[38;2;236;236;236mN[38;2;226;226;226mN[38;2;226;227;226mN[38;2;203;203;203mK[38;2;212;213;213mK[38;2;215;216;216mX[38;2;216;216;216mX[38;2;207;207;207mK[38;2;203;204;204mK[38;2;216;216;216mX[38;2;216;217;216mX[38;2;217;217;217mX[38;2;226;226;226mN[38;2;226;226;226mNN[38;2;226;226;226mN[38;2;226;226;226mNN[38;2;233;234;233mN[38;2;235;235;235mNNNNNNNNNNNNNNNNNNNNNNNNNNNNNNNNN[38;2;224;224;223mX[0m
[0m[38;2;190;190;190mOO[38;2;178;178;178mk[38;2;132;132;132ml[38;2;136;136;136mo[38;2;131;131;131ml[38;2;135;135;135mo[38;2;133;133;133ml[38;2;126;126;125ml[38;2;142;142;140mo[38;2;144;144;143mo[38;2;144;144;142mo[38;2;145;145;143mo[38;2;167;167;165mx[38;2;188;201;214m0[38;2;217;217;217mX[38;2;234;234;234mN[38;2;230;230;230mN[38;2;214;214;214mK[38;2;250;250;250mM[38;2;211;211;211mK[38;2;226;226;226mX[38;2;225;225;225mX[38;2;221;221;221mX[38;2;229;229;229mN[38;2;218;218;218mX[38;2;227;227;227mN[38;2;218;218;218mX[38;2;224;224;224mX[38;2;234;234;234mN[38;2;234;234;234mN[38;2;235;235;235mN[38;2;245;245;245mW[38;2;255;255;255mMMMMMMMMMMMMMMMMMMMMMMMMMMMMMMMMMMMM[38;2;235;235;235mN[0m
[0m[38;2;190;190;190mOOOOOOOO[38;2;178;178;176mk[38;2;207;207;205mK[38;2;184;185;183mO[38;2;185;186;185mO[38;2;187;188;186mO[38;2;206;206;204mK[38;2;185;200;215m0[38;2;236;236;236mN[38;2;245;245;245mW[38;2;243;243;243mW[38;2;236;236;236mN[38;2;253;253;253mM[38;2;236;236;236mN[38;2;239;239;239mW[38;2;246;246;246mW[38;2;233;233;233mN[38;2;240;240;240mW[38;2;235;235;235mN[38;2;236;236;236mN[38;2;242;242;242mW[38;2;236;236;236mN[38;2;246;246;246mW[38;2;239;239;239mW[38;2;234;234;234mN[38;2;241;241;241mW[38;2;237;237;237mN[38;2;236;236;236mN[38;2;241;241;241mW[38;2;237;237;237mN[38;2;241;241;241mW[38;2;239;239;239mW[38;2;241;241;241mW[38;2;233;233;233mN[38;2;245;245;245mW[38;2;238;238;238mW[38;2;242;242;242mW[38;2;235;235;235mN[38;2;236;236;236mN[38;2;237;237;237mN[38;2;237;237;237mN[38;2;254;254;254mM[38;2;255;255;255mMMMMMMMMMMMMMMMMMMMM[38;2;235;235;235mN[0m
[0m[38;2;190;190;190mOOOOOOOO[38;2;178;178;176mk[38;2;207;207;205mK[38;2;207;207;205mK[38;2;204;204;202mK[38;2;207;207;205mKK[38;2;195;204;213m0[38;2;255;255;255mMMMMMMMMMMMMMMMMMMMMMMMMMMMMMMMMMMMMMMMMMMMMMMMMMMMMMM[38;2;235;235;235mN[0m
[0m[38;2;190;190;190mOOOOOOOO[38;2;187;187;185mO[38;2;215;215;214mX[38;2;216;216;215mX[38;2;208;208;207mK[38;2;215;216;214mX[38;2;213;213;212mK[38;2;216;216;215mX[38;2;241;241;240mW[38;2;238;238;238mW[38;2;238;238;237mW[38;2;238;238;237mN[38;2;241;241;240mW[38;2;239;239;239mW[38;2;237;237;237mN[38;2;237;237;237mN[38;2;241;241;240mWW[38;2;234;235;234mN[38;2;237;237;236mN[38;2;241;241;240mW[38;2;236;236;236mN[38;2;235;235;234mN[38;2;239;239;238mW[38;2;240;240;240mW[38;2;237;237;237mN[38;2;237;237;236mN[38;2;238;238;238mW[38;2;236;237;236mN[38;2;241;241;240mW[38;2;239;239;239mW[38;2;238;238;237mN[38;2;238;238;237mW[38;2;236;236;236mN[38;2;239;239;238mW[38;2;236;236;235mN[38;2;234;234;233mN[38;2;238;238;237mN[38;2;241;241;240mW[38;2;235;235;235mN[38;2;236;236;236mN[38;2;239;239;238mWW[38;2;235;235;235mN[38;2;236;236;236mN[38;2;241;241;240mW[38;2;239;239;239mW[38;2;238;238;237mW[38;2;238;238;238mW[38;2;239;239;238mW[38;2;237;237;237mN[38;2;239;239;238mW[38;2;238;238;238mW[38;2;239;239;238mW[38;2;241;241;240mWWWWWWWW[38;2;224;224;223mX[0m
[0m[38;2;152;155;159md[38;2;152;154;158md[38;2;151;151;151md[38;2;150;150;150mddddd[38;2;146;146;145md[38;2;157;157;157mx[38;2;152;153;152md[38;2;164;164;164mx[38;2;161;162;161mx[38;2;154;155;154md[38;2;158;158;157mx[38;2;168;168;167mx[38;2;154;154;154md[38;2;158;159;158mx[38;2;161;161;160mx[38;2;168;168;167mx[38;2;160;160;160mx[38;2;153;153;153md[38;2;160;160;160mx[38;2;168;168;167mx[38;2;168;168;167mx[38;2;155;156;155md[38;2;161;161;161mx[38;2;168;168;167mx[38;2;162;163;162mx[38;2;154;155;154md[38;2;164;165;164mx[38;2;165;165;164mx[38;2;160;161;158mx[38;2;150;151;150md[38;2;158;159;158mx[38;2;162;162;162mx[38;2;168;168;167mx[38;2;158;158;158mx[38;2;154;154;154md[38;2;152;153;152md[38;2;152;153;152md[38;2;154;154;154md[38;2;160;160;160mx[38;2;159;160;159mx[38;2;160;161;160mx[38;2;168;168;167mx[38;2;158;158;158mx[38;2;151;152;152md[38;2;152;152;152md[38;2;156;156;156md[38;2;156;156;156md[38;2;152;153;152md[38;2;168;168;167mx[38;2;161;161;161mx[38;2;152;153;152md[38;2;148;148;148md[38;2;157;157;157mx[38;2;152;153;152md[38;2;156;156;156md[38;2;150;151;151md[38;2;158;158;158mx[38;2;168;168;167mxx[38;2;170;170;169mk[38;2;169;169;168mkk[38;2;169;169;169mk[38;2;171;171;170mk[38;2;170;170;169mk[38;2;160;160;159mx[0m
[0m[38;2;96;99;103m;[38;2;87;90;94m;[38;2;68;68;68m'[38;2;59;59;59m.[38;2;49;49;49m..[38;2;49;49;49m.[38;2;49;49;49m..[38;2;49;49;49m.[38;2;49;49;49m.[38;2;49;49;49m.[38;2;49;49;49m..[38;2;49;49;49m.[38;2;49;49;49m.[38;2;49;49;49m.[38;2;49;49;49m..[38;2;49;49;49m.[38;2;49;49;49m..[38;2;49;49;49m.[38;2;49;49;49m.[38;2;49;49;49m.[38;2;49;49;49m..[38;2;49;49;49m.[38;2;49;49;49m.[38;2;49;49;49m.[38;2;49;49;49m.[38;2;51;51;51m.[38;2;138;123;63mc[38;2;73;72;66m'[38;2;71;71;71m'[38;2;87;87;87m,[38;2;62;62;62m.[38;2;85;85;85m,[38;2;86;86;86m,[38;2;85;85;85m,[38;2;79;79;79m,[38;2;76;76;76m,[38;2;80;80;80m,[38;2;76;76;76m,[38;2;87;87;87m,[38;2;81;81;81m,[38;2;77;77;77m,[38;2;70;70;70m'[38;2;75;75;75m'[38;2;82;82;82m,[38;2;54;54;54m.[38;2;49;49;49m..[38;2;49;49;49m.[38;2;49;49;49m.[38;2;49;49;49m.[38;2;49;49;49m..[38;2;49;49;49m.[38;2;49;49;49m.[38;2;49;49;49m.[38;2;49;49;49m..[38;2;62;62;62m.[38;2;78;78;78m,[38;2;70;70;70m'[38;2;75;75;75m'[38;2;68;68;68m'[38;2;73;73;73m'[38;2;70;70;70m'[0m
