[0m[38;2;152;180;164mk[38;2;144;173;157mx[38;2;132;164;144md[38;2;114;152;128mo[38;2;99;140;114ml[38;2;81;124;97m:[38;2;59;101;78m,[38;2;42;81;62m'[38;2;69;106;87m;[38;2;146;173;157mx[38;2;162;185;171mk[38;2;148;175;159mx[38;2;113;149;126mo[38;2;77;120;95m:[38;2;77;121;97m:[38;2;82;126;104mc[38;2;74;116;95m:[38;2;59;98;80m,[38;2;53;92;72m,[38;2;65;109;84m;[38;2;73;119;91m:[38;2;105;145;120ml[38;2;135;168;147md[38;2;127;163;140md[38;2;121;159;136md[38;2;122;160;135md[38;2;126;161;136md[38;2;99;137;112ml[38;2;64;104;80m;[38;2;53;94;70m,[38;2;52;94;68m,[38;2;51;92;66m,[38;2;45;83;61m'[38;2;39;72;54m.[38;2;41;73;56m.[38;2;48;86;65m'[38;2;59;104;77m;[38;2;62;109;80m;[38;2;68;115;84m;[38;2;164;185;165mk[38;2;173;195;177mO[38;2;168;192;175mO[38;2;165;189;171mO[38;2;131;160;136md[38;2;70;103;80m;[38;2;56;93;70m,[38;2;55;95;70m,[38;2;53;97;69m,[38;2;56;102;72m,[38;2;61;107;75m;[38;2;67;113;78m;[38;2;67;109;76m;[38;2;54;92;66m,[38;2;61;94;71m,[38;2;142;168;144mx[38;2;171;193;175mO[38;2;166;191;170mO[38;2;165;190;169mO[38;2;173;193;170mO[38;2;132;160;132md[38;2;70;115;84m;[38;2;80;122;90m:[38;2;93;133;97mc[38;2;101;138;102ml[38;2;115;150;120mo[38;2;138;168;144md[38;2;169;189;171mO[38;2;176;195;179mO[38;2;172;192;177mO[38;2;148;172;156mx[0m
[0m[38;2;117;156;135mo[38;2;110;151;129mo[38;2;102;144;119ml[38;2;85;129;103mc[38;2;65;108;83m;[38;2;99;132;114mc[38;2;118;145;133mo[38;2;90;119;106m:[38;2;67;105;84m;[38;2;116;153;130mo[38;2;121;157;135mo[38;2;114;152;128mo[38;2;99;139;113ml[38;2;74;114;90m:[38;2;156;177;167mk[38;2;118;150;134mo[38;2;89;127;109mc[38;2;55;95;77m,[38;2;47;84;66m'[38;2;49;90;68m'[38;2;57;101;76m,[38;2;91;135;108mc[38;2;103;146;120ml[38;2;102;145;122ml[38;2;103;146;123ml[38;2;102;145;120ml[38;2;102;143;116ml[38;2;93;133;102mc[38;2;54;91;68m,[38;2;35;71;52m.[38;2;37;75;54m.[38;2;36;73;52m.[38;2;58;89;68m,[38;2;138;158;141md[38;2;142;162;147md[38;2;70;102;82m;[38;2;42;83;60m'[38;2;47;91;65m'[38;2;106;140;110ml[38;2;159;183;159mk[38;2;142;174;151mx[38;2;142;174;152mx[38;2;144;175;152mx[38;2;141;171;147mx[38;2;89;119;95m:[38;2;36;67;51m.[38;2;36;72;52m.[38;2;40;81;57m'[38;2;56;97;70m,[38;2;89;124;97mc[38;2;77;115;86m:[38;2;51;91;63m,[38;2;51;86;62m'[38;2;107;139;110ml[38;2;146;176;151mx[38;2;139;173;146mx[38;2;136;171;145mx[38;2;139;172;147mx[38;2;152;178;152mx[38;2;129;157;126md[38;2;50;91;64m,[38;2;55;94;67m,[38;2;73;112;81m;[38;2;84;124;92m:[38;2;94;134;102mc[38;2;126;159;129md[38;2;142;172;147mx[38;2;138;170;145mx[38;2;139;171;147mx[38;2;129;162;139md[0m
[0m[38;2;74;123;99m:[38;2;73;122;98m:[38;2;66;114;89m;[38;2;58;103;78m,[38;2;68;107;85m;[38;2;163;185;172mk[38;2;171;193;184mO[38;2;153;179;166mk[38;2;108;143;122ml[38;2;75;119;93m:[38;2;72;117;92m:[38;2;69;114;88m;[38;2;64;109;82m;[38;2;126;155;138mo[38;2;179;198;189mO[38;2;175;195;187mO[38;2;147;174;159mx[38;2;80;119;98m:[38;2;42;80;62m'[38;2;35;71;54m.[38;2;47;88;66m'[38;2;66;112;86m;[38;2;72;120;94m:[38;2;77;124;100m:[38;2;79;127;103m:[38;2;79;126;101m:[38;2;78;123;95m:[38;2;81;122;89m:[38;2;64;101;72m,[38;2;34;66;49m.[38;2;28;61;46m.[38;2;30;62;46m.[38;2;105;133;101mc[38;2;151;175;148mx[38;2;136;166;140md[38;2;98;133;103mc[38;2;43;78;57m'[38;2;58;95;68m,[38;2;133;163;129md[38;2;111;151;122mo[38;2;105;147;121ml[38;2;108;149;123mo[38;2;110;151;123mo[38;2;122;158;132mo[38;2;112;144;117ml[38;2;43;73;54m.[38;2;33;66;49m.[38;2;48;82;59m'[38;2;131;155;123mo[38;2;168;186;162mk[38;2;144;167;138mx[38;2;70;102;73m;[38;2;81;119;86m:[38;2;108;147;116ml[38;2;102;146;114ml[38;2;98;143;112ml[38;2;101;144;116ml[38;2;105;146;118ml[38;2;118;154;123mo[38;2;132;160;123md[38;2;52;84;60m'[38;2;33;63;47m.[38;2;42;75;56m.[38;2;55;92;66m,[38;2;82;122;87m:[38;2;96;137;101mc[38;2;92;135;102mc[38;2;95;139;107ml[38;2;99;142;112ml[38;2;94;137;108mc[0m
[0m[38;2;48;93;74m,[38;2;50;98;77m,[38;2;48;95;74m,[38;2;41;84;64m'[38;2;65;105;84m;[38;2;126;161;140md[38;2;124;161;143md[38;2;119;157;138mo[38;2;109;149;127mo[38;2;75;118;93m:[38;2;45;87;65m'[38;2;41;82;61m'[38;2;49;90;68m'[38;2;128;162;141md[38;2;139;172;155mx[38;2;136;170;155mx[38;2;133;167;149md[38;2;119;154;131mo[38;2;58;97;76m,[38;2;35;69;54m.[38;2;40;77;60m'[38;2;45;86;66m'[38;2;50;96;74m,[38;2;56;104;81m;[38;2;59;107;84m;[38;2;58;107;82m;[38;2;55;102;77m,[38;2;58;99;72m,[38;2;77;109;83m;[38;2;123;145;132mo[38;2;83;110;96m:[38;2;42;78;58m'[38;2;74;110;81m;[38;2;75;115;84m:[38;2;69;110;80m;[38;2;67;106;74m;[38;2;52;87;60m'[38;2;84;120;85m:[38;2;91;133;99mc[38;2;75;121;95m:[38;2;79;124;99m:[38;2;81;126;100m:[38;2;161;183;170mk[38;2;198;211;203mK[38;2;188;203;194m0[38;2;88;117;94m:[38;2;34;65;48m.[38;2;62;95;64m,[38;2;90;125;88mc[38;2;83;122;87m:[38;2;86;122;84m:[38;2;80;116;79m:[38;2;73;115;83m;[38;2;70;118;87m:[38;2;69;116;87m:[38;2;75;121;93m:[38;2;79;125;97m:[38;2;80;125;97m:[38;2;84;127;97mc[38;2;101;137;99ml[38;2;61;95;66m,[38;2;31;59;44m.[38;2;36;65;47m.[38;2;56;89;61m,[38;2;64;101;69m,[38;2;58;101;70m,[38;2;59;104;73m,[38;2;62;108;78m;[38;2;94;132;107mc[38;2;103;137;114ml[0m
[0m[38;2;117;143;133mo[38;2;52;91;76m,[38;2;37;77;63m.[38;2;34;70;57m.[38;2;53;95;74m,[38;2;80;128;105mc[38;2;87;135;116mc[38;2;85;134;114mc[38;2;74;123;101m:[38;2;60;106;83m;[38;2;43;82;63m'[38;2;32;67;52m.[38;2;51;91;71m,[38;2;93;137;113mc[38;2;95;140;119ml[38;2;98;143;124ml[38;2;95;141;119ml[38;2;93;136;111mc[38;2;80;120;92m:[38;2;42;76;59m'[38;2;32;62;50m.[38;2;34;68;54m.[38;2;35;74;58m.[38;2;39;81;64m'[38;2;42;87;67m'[38;2;44;90;69m'[38;2;45;91;69m'[38;2;49;91;68m,[38;2;135;160;136md[38;2;160;184;168mk[38;2;150;176;157mx[38;2;163;184;171mk[38;2;171;189;181mO[38;2;69;103;85m;[38;2;39;77;53m.[38;2;44;78;52m'[38;2;57;89;61m,[38;2;65;103;74m;[38;2;54;98;74m,[38;2;58;103;80m;[38;2;61;107;82m;[38;2;140;168;150mx[38;2;172;194;179mO[38;2;170;193;182mO[38;2;172;193;182mO[38;2;146;172;152mx[38;2;85;123;89m:[38;2;56;93;60m,[38;2;47;84;53m'[38;2;43;80;51m'[38;2;50;84;55m'[38;2;50;85;60m'[38;2;47;89;65m'[38;2;47;92;67m,[38;2;53;98;73m,[38;2;57;103;77m,[38;2;59;105;78m;[38;2;69;112;87m;[38;2;65;108;82m;[38;2;68;107;76m;[38;2;70;107;75m;[38;2;56;92;65m,[38;2;52;81;56m'[38;2;49;78;53m'[38;2;40;74;52m.[38;2;37;75;53m.[38;2;43;83;59m'[38;2;108;140;116ml[38;2;169;189;173mO[38;2;176;193;176mO[0m
[0m[38;2;141;172;158mx[38;2;107;144;124ml[38;2;46;82;67m'[38;2;34;66;55m.[38;2;40;77;62m'[38;2;52;98;80m,[38;2;58;109;89m;[38;2;58;110;89m;[38;2;52;102;82m,[38;2;42;87;68m'[38;2;33;68;54m.[38;2;27;54;44m.[38;2;44;82;65m'[38;2;66;114;94m;[38;2;70;118;99m:[38;2;70;118;99m:[38;2;70;118;97m:[38;2;68;116;93m:[38;2;69;113;86m;[38;2;53;91;68m,[38;2;34;65;52m.[38;2;32;64;52m.[38;2;73;105;91m;[38;2;149;170;161mx[38;2;85;117;102m:[38;2;36;74;59m.[38;2;34;71;56m.[38;2;55;92;68m,[38;2;104;141;109ml[38;2;89;133;108mc[38;2;121;155;132mo[38;2;162;187;170mk[38;2;151;180;163mk[38;2;139;168;150mx[38;2;48;82;62m'[38;2;36;65;47m.[38;2;47;77;56m'[38;2;44;80;60m'[38;2;55;100;72m,[38;2;67;115;82m;[38;2;100;138;113ml[38;2;144;175;153mx[38;2;131;167;144md[38;2;133;168;148md[38;2;136;170;150mx[38;2;136;169;146mx[38;2;108;143;112ml[38;2;56;97;61m,[38;2;48;85;53m'[38;2;74;104;77m;[38;2;58;85;64m'[38;2;39;75;53m.[38;2;46;86;60m'[38;2;65;111;75m;[38;2;69;116;79m;[38;2;77;120;90m:[38;2;167;188;175mO[38;2;193;207;199m0[38;2;158;178;165mk[38;2;59;93;71m,[38;2;63;95;66m,[38;2;69;106;71m;[38;2;57;88;58m'[38;2;44;73;50m.[38;2;59;89;72m,[38;2;60;92;73m,[38;2;75;114;83m:[38;2;102;142;111ml[38;2;101;141;111ml[38;2;124;157;124mo[0m
[0m[38;2;85;135;117mc[38;2;76;127;105m:[38;2;58;104;82m;[38;2;46;88;71m'[38;2;36;70;58m.[38;2;39;79;66m'[38;2;46;94;78m,[38;2;48;97;81m,[38;2;45;92;76m,[38;2;39;82;67m'[38;2;31;66;54m.[38;2;27;55;46m.[38;2;37;73;61m.[38;2;51;98;83m,[38;2;59;111;94m;[38;2;57;109;91m;[38;2;55;106;87m;[38;2;52;102;83m,[38;2;50;95;75m,[38;2;49;84;64m'[38;2;37;64;50m.[38;2;30;54;44m.[38;2;124;153;129mo[38;2;136;169;152mx[38;2;121;157;136mo[38;2;51;86;69m'[38;2;27;55;45m.[38;2;41;73;54m.[38;2;50;92;69m,[38;2;51;95;74m,[38;2;108;147;119ml[38;2;109;151;128mo[38;2;104;146;124ml[38;2;106;148;124ml[38;2;78;118;92m:[38;2;52;86;60m'[38;2;50;84;60m'[38;2;51;90;65m,[38;2;47;88;64m'[38;2;66;106;79m;[38;2;105;145;118ml[38;2;93;138;111mc[38;2;92;134;113mc[38;2;96;138;117ml[38;2;96;138;116ml[38;2;97;139;114ml[38;2;94;137;107mc[38;2;75;120;86m:[38;2;83;125;93m:[38;2;141;169;146mx[38;2;131;159;134md[38;2;56;91;64m,[38;2;49;89;61m'[38;2;48;89;62m'[38;2;65;104;80m;[38;2;136;167;145md[38;2;146;176;157mx[38;2;148;177;161mx[38;2;147;175;157mx[38;2;78;113;93m:[38;2;44;76;57m'[38;2;51;91;66m,[38;2;52;95;67m,[38;2;97;127;104mc[38;2;160;183;167mk[38;2;166;186;170mk[38;2;74;109;82m;[38;2;51;93;66m,[38;2;57;100;73m,[38;2;65;106;76m;[0m
[0m[38;2;61;115;96m;[38;2;57;110;89m;[38;2;50;98;78m,[38;2;40;79;63m'[38;2;37;73;58m.[38;2;45;86;69m'[38;2;47;90;74m'[38;2;46;90;74m'[38;2;44;86;72m'[38;2;41;81;67m'[38;2;38;75;61m.[38;2;38;74;61m.[38;2;44;83;71m'[38;2;49;94;81m,[38;2;50;98;85m,[38;2;50;99;85m,[38;2;48;97;82m,[38;2;45;92;78m,[38;2;42;84;71m'[38;2;43;77;63m'[38;2;43;69;55m.[38;2;46;76;58m'[38;2;76;121;96m:[38;2;78;127;107m:[38;2;71;119;97m:[38;2;51;93;72m,[38;2;35;65;51m.[38;2;35;63;49m.[38;2;38;74;58m.[38;2;48;89;69m'[38;2;64;108;85m;[38;2;69;116;98m:[38;2;76;123;106m:[38;2;68;116;96m:[38;2;57;101;78m,[38;2;52;89;66m'[38;2;40;70;53m.[38;2;41;71;53m.[38;2;41;74;58m.[38;2;59;99;76m,[38;2;68;114;92m;[38;2;69;110;93m;[38;2;78;118;102m:[38;2;80;121;104m:[38;2;79;121;102m:[38;2;75;117;96m:[38;2;65;107;83m;[38;2;75;115;83m:[38;2;60;99;69m,[38;2;55;96;70m,[38;2;60;99;72m,[38;2;50;84;58m'[38;2;38;70;50m.[38;2;46;81;60m'[38;2;90;132;104mc[38;2;86;129;104mc[38;2;93;136;112mc[38;2;99;141;117ml[38;2;99;141;115ml[38;2;85;126;98mc[38;2;48;83;57m'[38;2;60;105;73m;[38;2;79;125;91m:[38;2;89;130;103mc[38;2;89;131;103mc[38;2;103;141;111ml[38;2;86;122;91m:[38;2;41;82;58m'[38;2;44;85;62m'[38;2;97;129;109mc[0m
[0m[38;2;63;109;90m;[38;2;58;103;85m;[38;2;58;102;83m,[38;2;63;106;85m;[38;2;76;122;97m:[38;2;87;136;108mc[38;2;86;136;108mc[38;2;83;133;106mc[38;2;80;131;103mc[38;2;77;128;101m:[38;2;74;126;99m:[38;2;69;121;95m:[38;2;61;109;88m;[38;2;53;96;80m,[38;2;49;91;77m,[38;2;46;88;75m'[38;2;44;85;73m'[38;2;44;83;71m'[38;2;42;79;67m'[38;2;43;78;63m'[38;2;50;83;64m'[38;2;45;80;63m'[38;2;51;97;79m,[38;2;53;103;84m,[38;2;48;97;78m,[38;2;39;80;64m'[38;2;32;63;51m.[38;2;36;67;53m.[38;2;35;67;54m.[38;2;37;73;59m.[38;2;49;93;79m,[38;2;50;96;80m,[38;2;51;98;81m,[38;2;45;89;72m'[38;2;38;77;62m.[38;2;41;75;60m.[38;2;52;91;71m,[38;2;45;80;62m'[38;2;35;68;54m.[38;2;50;90;76m,[38;2;51;91;77m,[38;2;63;103;89m;[38;2;69;111;95m;[38;2;69;112;94m;[38;2;65;107;90m;[38;2;60;101;83m,[38;2;53;92;74m,[38;2;45;81;62m'[38;2;38;70;50m.[38;2;34;69;50m.[38;2;30;64;47m.[38;2;34;65;47m.[38;2;45;80;58m'[38;2;50;87;67m'[38;2;56;98;78m,[38;2;64;104;86m;[38;2;60;100;81m,[38;2;59;100;79m,[38;2;56;97;74m,[38;2;56;96;73m,[38;2;49;93;69m,[38;2;39;78;58m'[38;2;39;77;56m.[38;2;43;82;60m'[38;2;49;89;66m'[38;2;52;91;67m,[38;2;59;94;65m,[38;2;42;77;57m'[38;2;108;141;119ml[38;2;156;182;164mk[0m
[0m[38;2;177;197;182mO[38;2;187;202;185m0[38;2;183;197;190m0[38;2;189;203;196m0[38;2;192;207;199m0[38;2;191;206;199m0[38;2;191;206;198m0[38;2;190;205;197m0[38;2;188;204;196m0[38;2;198;213;205mK[38;2;195;210;203mK[38;2;195;211;203mK[38;2;197;213;205mK[38;2;196;212;203mK[38;2;195;210;201mK[38;2;191;206;199m0[38;2;191;206;198m0[38;2;192;206;198m0[38;2;192;207;199m0[38;2;192;207;199m0[38;2;190;205;197m0[38;2;173;187;182mO[38;2;165;180;176mk[38;2;160;175;171mk[38;2;65;100;88m;[38;2;40;77;64m'[38;2;41;78;63m'[38;2;52;96;76m,[38;2;50;95;77m,[38;2;43;82;70m'[38;2;49;95;83m,[38;2;50;99;86m,[38;2;49;98;84m,[38;2;45;91;78m,[38;2;36;75;64m.[38;2;26;53;45m.[38;2;38;74;62m.[38;2;35;68;58m.[38;2;38;74;64m.[38;2;45;88;76m'[38;2;54;102;87m,[38;2;57;107;92m;[38;2;58;109;92m;[38;2;58;108;90m;[38;2;61;110;89m;[38;2;65;112;88m;[38;2;63;109;85m;[38;2;40;75;60m.[38;2;38;65;51m.[38;2;32;66;53m.[38;2;34;67;54m.[38;2;35;65;52m.[38;2;35;64;51m.[38;2;41;80;65m'[38;2;43;84;68m'[38;2;56;103;83m,[38;2;56;103;82m,[38;2;50;92;73m,[38;2;59;94;77m,[38;2;40;74;58m.[38;2;32;65;51m.[38;2;30;64;49m.[38;2;32;69;52m.[38;2;35;75;56m.[38;2;37;77;57m.[38;2;37;74;54m.[38;2;50;84;63m'[38;2;111;148;122mo[38;2;130;164;140md[38;2;127;163;142md[0m
[0m[38;2;191;210;212mK[38;2;201;218;224mK[38;2;199;216;222mK[38;2;200;217;222mK[38;2;206;224;230mX[38;2;206;224;229mX[38;2;206;224;229mX[38;2;206;224;228mX[38;2;209;224;227mX[38;2;179;214;228mK[38;2;199;170;174mk[38;2;204;196;177m0[38;2;187;217;227mK[38;2;215;222;220mX[38;2;132;140;142mo[38;2;181;188;186mO[38;2;219;228;225mX[38;2;197;220;225mK[38;2;170;209;226m0[38;2;203;219;221mX[38;2;217;226;223mX[38;2;175;209;224m0[38;2;146;197;225mO[38;2;216;225;222mX[38;2;115;155;130mo[38;2;92;141;110ml[38;2;87;137;108mc[38;2;78;130;102mc[38;2;68;121;96m:[38;2;58;104;85m;[38;2;49;90;76m,[38;2;45;85;74m'[38;2;43;82;72m'[38;2;40;77;67m'[38;2;37;71;60m.[38;2;34;67;55m.[38;2;40;79;64m'[38;2;39;75;64m.[38;2;45;85;75m'[38;2;45;89;78m'[38;2;48;95;83m,[38;2;50;100;86m,[38;2;52;102;86m,[38;2;53;101;84m,[38;2;55;102;83m,[38;2;51;96;79m,[38;2;45;89;74m'[38;2;44;82;68m'[38;2;37;68;57m.[38;2;39;76;64m'[38;2;43;81;66m'[38;2;37;65;53m.[38;2;36;72;60m.[38;2;41;82;68m'[38;2;41;84;69m'[38;2;41;85;70m'[38;2;42;85;69m'[38;2;113;145;128mo[38;2;173;192;183mO[38;2;155;176;166mk[38;2;43;71;60m.[38;2;31;63;51m.[38;2;28;59;47m.[38;2;28;58;47m.[38;2;29;61;49m.[38;2;46;83;65m'[38;2;87;130;105mc[38;2;90;135;108mc[38;2;100;141;122ml[38;2;112;153;133mo[0m
[0m[38;2;212;222;225mX[38;2;213;220;223mX[38;2;208;214;217mK[38;2;208;215;217mK[38;2;209;216;218mK[38;2;223;230;231mN[38;2;225;232;233mN[38;2;225;232;232mN[38;2;224;231;231mN[38;2;169;212;231m0[38;2;173;190;211mO[38;2;172;198;217m0[38;2;180;216;231mK[38;2;218;226;225mX[38;2;183;190;190mO[38;2;206;213;213mK[38;2;222;231;229mN[38;2;212;224;224mX[38;2;200;215;218mK[38;2;215;225;224mX[38;2;221;229;227mN[38;2;202;216;219mK[38;2;193;210;218mK[38;2;219;228;225mX[38;2;139;174;151mx[38;2;113;158;131mo[38;2;108;154;127mo[38;2;103;151;123mo[38;2;98;147;119ml[38;2;92;143;115ml[38;2;87;139;110mc[38;2;81;133;105mc[38;2;76;128;101m:[38;2;72;124;98m:[38;2;70;122;96m:[38;2;67;119;94m:[38;2;63;115;91m;[38;2;55;99;81m,[38;2;46;84;73m'[38;2;45;84;73m'[38;2;51;92;79m,[38;2;53;96;82m,[38;2;54;97;82m,[38;2;51;94;79m,[38;2;46;89;75m'[38;2;44;85;73m'[38;2;46;83;69m'[38;2;39;72;61m.[38;2;35;64;54m.[38;2;44;85;70m'[38;2;63;102;79m;[38;2;39;71;59m.[38;2;37;68;58m.[38;2;37;72;62m.[38;2;36;73;62m.[38;2;35;70;59m.[38;2;71;112;90m;[38;2;105;146;124ml[38;2;107;147;127ml[38;2;111;150;127mo[38;2;67;108;89m;[38;2;47;92;76m,[38;2;49;94;78m,[38;2;50;96;80m,[38;2;54;100;80m,[38;2;67;114;91m;[38;2;58;103;81m,[38;2;84;131;112mc[38;2;86;133;113mc[38;2;81;128;109mc[0m
[0m[38;2;196;211;228mK[38;2;220;227;233mX[38;2;218;224;230mX[38;2;222;229;234mN[38;2;226;233;238mN[38;2;226;233;238mN[38;2;226;233;237mN[38;2;226;233;237mN[38;2;225;232;235mN[38;2;223;232;236mN[38;2;222;232;236mN[38;2;222;231;235mN[38;2;223;232;235mN[38;2;225;232;235mN[38;2;225;232;234mN[38;2;224;232;234mN[38;2;224;232;233mN[38;2;224;232;233mN[38;2;224;232;233mN[38;2;224;231;232mN[38;2;223;231;232mN[38;2;223;231;231mN[38;2;223;231;231mN[38;2;223;231;231mN[38;2;138;168;157mx[38;2;119;155;145mo[38;2;127;161;153md[38;2;122;158;148md[38;2;111;150;137mo[38;2;113;153;134mo[38;2;118;160;135mo[38;2;116;160;133mo[38;2;111;157;129mo[38;2;107;154;126mo[38;2;103;151;123ml[38;2;99;148;119ml[38;2;94;145;116ml[38;2;89;140;112ml[38;2;82;134;106mc[38;2;71;119;95m:[38;2;62;107;87m;[38;2;56;98;82m,[38;2;52;93;78m,[38;2;50;90;76m,[38;2;49;88;74m'[38;2;51;89;74m,[38;2;50;90;74m,[38;2;53;97;78m,[38;2;66;114;90m;[38;2;79;126;98m:[38;2;83;128;99mc[38;2;66;114;91m;[38;2;53;99;80m,[38;2;45;85;70m'[38;2;38;72;60m.[38;2;38;74;59m.[38;2;56;102;82m,[38;2;66;112;92m;[38;2;71;117;97m:[38;2;60;104;83m;[38;2;49;92;72m,[38;2;51;96;81m,[38;2;51;96;80m,[38;2;44;84;69m'[38;2;49;94;75m,[38;2;43;84;67m'[38;2;69;120;100m:[38;2;67;117;95m:[38;2;68;118;97m:[38;2;79;128;108mc[0m
[0m[38;2;192;208;229mK[38;2;213;220;228mX[38;2;208;215;223mK[38;2;219;226;234mX[38;2;226;233;241mN[38;2;226;233;241mN[38;2;226;233;240mN[38;2;226;233;240mN[38;2;224;232;238mN[38;2;225;233;239mN[38;2;225;233;239mN[38;2;225;233;239mN[38;2;225;233;239mN[38;2;225;233;238mN[38;2;225;233;238mN[38;2;225;232;238mN[38;2;225;232;238mN[38;2;225;232;237mN[38;2;225;232;237mN[38;2;225;232;236mN[38;2;225;232;236mN[38;2;225;232;236mN[38;2;224;232;235mN[38;2;224;232;235mN[38;2;190;209;216mK[38;2;202;220;225mX[38;2;207;224;226mX[38;2;208;224;225mX[38;2;204;222;223mX[38;2;187;207;209m0[38;2;166;189;194mO[38;2;152;179;180mk[38;2;140;169;167mx[38;2;127;160;153md[38;2;114;151;140mo[38;2;111;150;135mo[38;2;117;158;136mo[38;2;120;163;136md[38;2;117;160;133mo[38;2;112;158;130mo[38;2;108;155;127mo[38;2;104;152;124mo[38;2;100;149;121ml[38;2;97;147;118ml[38;2;93;145;116ml[38;2;91;142;114ml[38;2;88;141;112mc[38;2;90;141;112ml[38;2;100;147;115ml[38;2;99;145;114ml[38;2;97;143;112ml[38;2;93;140;109ml[38;2;73;126;100m:[38;2;64;116;93m;[38;2;49;93;75m,[38;2;46;90;74m'[38;2;50;99;80m,[38;2;54;105;84m;[38;2;52;103;82m,[38;2;44;89;70m'[38;2;31;63;50m.[38;2;45;87;72m'[38;2;37;72;60m.[38;2;43;84;70m'[38;2;43;86;72m'[38;2;56;107;89m;[38;2;55;106;87m;[38;2;59;111;91m;[38;2;67;120;100m:[38;2;70;124;104m:[0m
[0m[38;2;193;208;228mK[38;2;208;215;225mK[38;2;207;215;224mK[38;2;210;218;227mX[38;2;221;229;239mN[38;2;225;233;243mN[38;2;225;233;242mN[38;2;225;233;242mN[38;2;224;232;241mN[38;2;225;233;242mN[38;2;225;233;242mN[38;2;225;233;242mN[38;2;225;233;242mN[38;2;225;233;241mN[38;2;225;233;241mN[38;2;225;233;241mN[38;2;225;233;241mN[38;2;225;233;241mN[38;2;225;233;240mN[38;2;225;233;240mN[38;2;225;233;240mN[38;2;225;232;239mN[38;2;225;232;239mN[38;2;225;232;239mN[38;2;149;183;225mk[38;2;138;178;227mk[38;2;153;188;229mO[38;2;168;199;231m0[38;2;182;208;231mK[38;2;189;213;230mK[38;2;196;217;229mK[38;2;203;221;227mX[38;2;207;224;226mX[38;2;208;225;226mX[38;2;207;224;225mX[38;2;194;213;215mK[38;2;175;196;200mO[38;2;158;183;186mk[38;2;147;175;174mx[38;2;135;167;162mx[38;2;124;159;150md[38;2;114;152;139mo[38;2;118;158;138mo[38;2;125;166;140md[38;2;122;164;138md[38;2;119;162;135md[38;2;117;161;133mo[38;2;124;164;134md[38;2;122;162;132md[38;2;118;160;130mo[38;2;115;158;127mo[38;2;112;155;124mo[38;2;106;151;120mo[38;2;86;139;110mc[38;2;76;127;101m:[38;2;60;106;86m;[38;2;52;96;78m,[38;2;47;91;75m,[38;2;44;86;70m'[38;2;40;79;64m'[38;2;37;74;59m.[38;2;43;86;68m'[38;2;40;76;65m'[38;2;42;82;69m'[38;2;49;95;81m,[38;2;49;96;81m,[38;2;51;100;84m,[38;2;55;107;90m;[38;2;57;111;93m;[38;2;57;112;92m;[0m
[0m[38;2;195;211;231mK[38;2;211;219;229mX[38;2;215;223;233mX[38;2;222;230;241mN[38;2;224;232;243mN[38;2;224;232;243mN[38;2;224;232;243mN[38;2;224;232;243mN[38;2;223;231;242mN[38;2;224;232;243mN[38;2;224;232;243mN[38;2;224;232;243mN[38;2;224;232;243mN[38;2;224;232;243mN[38;2;224;232;243mN[38;2;224;232;243mN[38;2;224;233;243mN[38;2;225;233;243mN[38;2;225;233;243mN[38;2;225;233;242mN[38;2;225;232;242mN[38;2;224;232;242mN[38;2;224;232;242mN[38;2;224;232;242mN[38;2;152;185;229mO[38;2;136;176;229mk[38;2;133;174;228mk[38;2;130;172;227mx[38;2;128;171;226mx[38;2;134;175;228mk[38;2;137;178;228mk[38;2;144;183;229mk[38;2;154;190;230mO[38;2;167;199;231m0[38;2;180;207;231m0[38;2;188;212;230mK[38;2;195;217;229mK[38;2;202;221;228mX[38;2;207;224;227mX[38;2;208;225;226mX[38;2;208;224;225mX[38;2;203;221;222mX[38;2;177;200;201m0[38;2;142;176;157mx[38;2;141;176;153mx[38;2;140;176;152mx[38;2;145;178;153mx[38;2;144;177;151mx[38;2;141;175;149mx[38;2;139;174;147mx[38;2;136;172;144mx[38;2;133;170;142md[38;2;129;168;139md[38;2;122;163;134md[38;2;110;156;127mo[38;2;104;152;123mo[38;2;98;147;118ml[38;2;91;142;113ml[38;2;86;137;108mc[38;2;82;134;105mc[38;2;77;130;102mc[38;2;70;122;94m:[38;2;54;98;78m,[38;2;47;86;73m'[38;2;46;88;74m'[38;2;47;92;77m,[38;2;49;96;82m,[38;2;50;99;84m,[38;2;50;99;84m,[38;2;50;99;83m,[0m
[0m[38;2;191;207;226mK[38;2;207;215;224mK[38;2;206;214;224mK[38;2;215;223;233mX[38;2;224;232;243mN[38;2;224;232;243mN[38;2;224;232;243mN[38;2;224;232;243mN[38;2;223;231;242mN[38;2;224;232;243mN[38;2;224;232;243mN[38;2;224;232;243mN[38;2;224;232;243mN[38;2;223;232;243mN[38;2;224;232;243mN[38;2;224;232;243mN[38;2;224;232;243mN[38;2;224;232;243mN[38;2;224;232;243mN[38;2;224;232;243mN[38;2;224;232;243mN[38;2;224;232;243mN[38;2;224;232;243mN[38;2;224;232;243mN[38;2;160;191;231mO[38;2;148;185;233mO[38;2;149;185;233mO[38;2;149;185;233mO[38;2;147;184;233mk[38;2;144;182;231mk[38;2;143;181;231mk[38;2;141;180;231mk[38;2;138;178;230mk[38;2;133;174;229mk[38;2;131;173;228mx[38;2;134;175;228mk[38;2;138;178;228mk[38;2;142;181;228mk[38;2;151;187;229mO[38;2;164;196;230mO[38;2;177;205;230m0[38;2;205;222;227mX[38;2;207;224;225mX[38;2;178;201;200m0[38;2;155;183;178mk[38;2;148;178;168mk[38;2;144;175;160mx[38;2;154;183;161mk[38;2;154;184;161mk[38;2;153;183;159mk[38;2;151;182;157mk[38;2;149;180;156mk[38;2;147;179;154mx[38;2;144;177;152mx[38;2;137;173;148mx[38;2;131;170;144md[38;2;127;167;141md[38;2;124;165;139md[38;2;120;162;135md[38;2;116;159;132mo[38;2;111;156;128mo[38;2;105;152;124mo[38;2;96;145;116ml[38;2;82;131;104mc[38;2;65;109;88m;[38;2;53;95;79m,[38;2;48;89;76m,[38;2;47;89;75m'[38;2;47;90;76m,[38;2;47;91;76m,[0m
[0m[38;2;197;215;234mK[38;2;214;226;237mX[38;2;216;228;239mX[38;2;216;228;239mX[38;2;223;232;241mN[38;2;224;230;238mN[38;2;224;230;238mN[38;2;226;232;240mN[38;2;227;234;241mN[38;2;228;234;242mN[38;2;228;234;242mN[38;2;222;229;236mN[38;2;224;231;239mN[38;2;226;232;240mN[38;2;223;230;238mN[38;2;224;231;239mN[38;2;224;231;239mN[38;2;224;230;238mN[38;2;225;231;239mN[38;2;225;231;239mN[38;2;225;231;239mN[38;2;225;231;239mN[38;2;225;231;239mN[38;2;227;233;241mN[38;2;165;195;232mO[38;2;152;189;234mO[38;2;151;188;234mO[38;2;149;186;233mO[38;2;146;184;232mk[38;2;149;186;233mO[38;2;150;186;233mO[38;2;150;186;233mO[38;2;149;186;233mO[38;2;148;185;233mk[38;2;146;184;232mk[38;2;144;182;232mk[38;2;141;180;231mk[38;2;136;177;229mk[38;2;128;170;226mx[38;2;122;166;224mx[38;2;118;164;223mx[38;2;179;205;227m0[38;2;205;223;228mX[38;2;208;225;227mX[38;2;210;226;227mX[38;2;210;226;226mX[38;2;201;218;219mK[38;2;167;193;182mO[38;2;164;190;169mO[38;2;163;190;169mk[38;2;162;189;167mk[38;2;160;188;166mk[38;2;159;187;165mk[38;2;157;186;163mk[38;2;155;184;161mk[38;2;149;181;158mk[38;2;144;178;155mx[38;2;142;177;154mx[38;2;140;175;151mx[38;2;137;173;149mx[38;2;134;172;147mx[38;2;131;169;144md[38;2;127;167;141md[38;2;123;164;138md[38;2;118;160;133mo[38;2;110;155;127mo[38;2;99;145;117ml[38;2;87;131;106mc[38;2;76;120;97m:[38;2;68;111;91m;[0m
[0m[38;2;189;208;230mK[38;2;193;207;221mK[38;2;192;202;213m0[38;2;181;191;201mO[38;2;200;219;234mX[38;2;192;214;231mK[38;2;200;217;231mK[38;2;199;216;230mK[38;2;217;215;221mX[38;2;218;219;219mX[38;2;217;226;238mX[38;2;212;221;233mX[38;2;208;218;230mX[38;2;213;223;235mX[38;2;211;221;232mX[38;2;210;219;231mX[38;2;214;224;236mX[38;2;212;221;233mX[38;2;211;221;232mX[38;2;210;219;231mX[38;2;214;223;235mX[38;2;211;221;233mX[38;2;210;219;231mX[38;2;215;224;236mX[38;2;189;210;236mK[38;2;184;207;237mK[38;2;183;207;237mK[38;2;184;207;237mK[38;2;183;207;237mK[38;2;184;208;237mK[38;2;183;207;237mK[38;2;184;207;237mK[38;2;184;208;237mK[38;2;184;208;237mK[38;2;184;207;237mK[38;2;183;207;237mK[38;2;182;206;237m0[38;2;180;205;236m0[38;2;180;205;236m0[38;2;178;203;236m0[38;2;174;200;234m0[38;2;182;206;235m0[38;2;193;214;237mK[38;2;198;217;236mK[38;2;206;222;235mX[38;2;217;229;233mX[38;2;219;230;232mN[38;2;207;221;222mX[38;2;188;206;202m0[38;2;187;205;197m0[38;2;191;208;198m0[38;2;193;210;199mK[38;2;193;210;198mK[38;2;193;209;198mK[38;2;191;209;196m0[38;2;189;208;195m0[38;2;187;206;193m0[38;2;185;205;192m0[38;2;184;204;191m0[38;2;183;203;190m0[38;2;181;203;189m0[38;2;171;193;179mO[38;2;173;195;181mO[38;2;171;194;179mO[38;2;173;196;181mO[38;2;167;191;176mO[38;2;161;185;170mk[38;2;159;184;168mk[38;2;165;191;174mO[38;2;152;182;163mk[0m
[0m[38;2;185;206;232m0[38;2;195;210;228mK[38;2;174;190;207mO[38;2;157;170;187mk[38;2;173;203;234m0[38;2;163;198;233m0[38;2;179;208;233m0[38;2;171;202;227m0[38;2;200;183;206mO[38;2;201;188;205m0[38;2;201;216;235mK[38;2;201;216;235mK[38;2;201;216;235mK[38;2;201;216;235mK[38;2;200;216;235mK[38;2;201;216;235mK[38;2;201;216;235mK[38;2;201;216;235mK[38;2;200;216;235mK[38;2;201;216;235mK[38;2;201;216;235mK[38;2;200;216;235mK[38;2;200;216;235mK[38;2;200;216;235mK[38;2;201;216;235mK[38;2;201;216;235mK[38;2;201;216;235mK[38;2;200;216;235mK[38;2;201;216;235mK[38;2;201;216;235mK[38;2;201;216;235mK[38;2;201;216;235mK[38;2;201;216;235mK[38;2;200;216;235mK[38;2;201;216;235mK[38;2;200;215;235mK[38;2;200;215;235mK[38;2;200;215;235mK[38;2;200;215;235mK[38;2;199;215;235mK[38;2;199;215;234mK[38;2;199;214;234mK[38;2;198;213;234mK[38;2;196;212;233mK[38;2;195;211;231mK[38;2;210;221;231mX[38;2;219;227;231mX[38;2;220;228;230mX[38;2;220;228;229mX[38;2;220;227;229mX[38;2;219;227;228mX[38;2;218;226;226mX[38;2;216;224;224mX[38;2;212;221;221mX[38;2;207;218;216mK[38;2;203;214;210mK[38;2;201;213;207mK[38;2;203;215;208mK[38;2;204;216;209mK[38;2;204;216;208mK[38;2;203;215;208mK[38;2;196;208;201mK[38;2;198;211;203mK[38;2;190;202;195m0[38;2;200;213;205mK[38;2;196;209;201mK[38;2;185;198;190m0[38;2;190;203;195m0[38;2;192;206;197m0[38;2;178;197;185mO[0m
