[0m[38;2;62;73;78m'[38;2;74;77;79m,[38;2;68;72;74m'[38;2;68;72;73m'[38;2;52;62;66m.[38;2;44;63;73m.[38;2;49;53;55m.[38;2;44;48;49m.[38;2;52;56;58m.[38;2;40;44;46m.[38;2;53;57;59m.[38;2;45;49;50m.[38;2;29;33;35m.[38;2;96;95;92m;[38;2;62;65;67m'[38;2;58;62;64m.[38;2;60;64;66m.[38;2;62;66;68m'[38;2;64;68;70m'[38;2;60;64;66m.[38;2;47;50;53m.[38;2;49;52;55m.[38;2;50;54;56m.[38;2;50;54;56m.[38;2;50;54;56m.[38;2;50;54;56m.[38;2;50;54;56m.[38;2;50;54;56m.[38;2;50;54;56m.[38;2;50;54;56m.[38;2;50;54;56m.[38;2;50;54;56m.[38;2;50;54;56m.[38;2;50;54;56m.[38;2;50;54;56m.[38;2;50;54;56m.[38;2;50;54;56m.[38;2;50;54;56m.[38;2;50;54;56m.[38;2;50;54;56m.[38;2;50;54;56m.[38;2;50;54;56m.[38;2;50;54;56m.[38;2;50;54;56m.[38;2;50;54;56m.[38;2;50;54;56m.[38;2;50;54;56m.[38;2;50;54;56m.[38;2;50;54;56m.[38;2;50;54;56m.[38;2;50;54;56m.[38;2;50;54;56m.[38;2;50;54;56m.[38;2;50;54;56m.[38;2;57;61;63m.[38;2;77;103;118m;[38;2;40;44;46m.[38;2;35;39;41m.[38;2;36;40;42m.[38;2;36;40;42m.[38;2;35;39;41m.[38;2;40;44;46m.[38;2;61;65;67m'[38;2;65;69;71m'[38;2;68;72;74m'[38;2;64;68;70m'[38;2;67;71;72m'[38;2;62;66;67m'[38;2;68;72;74m'[38;2;69;73;75m'[0m
[0m[38;2;1;157;240mc[38;2;1;155;237mc[38;2;91;183;231mx[38;2;61;172;230md[38;2;91;172;214md[38;2;144;188;211mk[38;2;160;195;212mO[38;2;160;195;212mO[38;2;160;195;212mO[38;2;161;195;213mO[38;2;160;195;212mO[38;2;161;195;212mO[38;2;161;195;212mO[38;2;160;194;212mO[38;2;161;195;212mO[38;2;160;195;212mO[38;2;161;195;212mO[38;2;161;195;213mO[38;2;161;195;213mO[38;2;161;195;213mO[38;2;158;193;210mO[38;2;151;186;204mk[38;2;151;187;204mk[38;2;147;182;200mk[38;2;154;189;207mO[38;2;149;185;202mk[38;2;150;185;203mk[38;2;161;195;213mO[38;2;161;195;213mO[38;2;161;195;213mO[38;2;161;195;213mO[38;2;161;195;213mO[38;2;161;195;213mO[38;2;161;195;213mO[38;2;161;195;213mO[38;2;161;195;213mO[38;2;161;195;213mO[38;2;161;195;213mO[38;2;161;195;213mO[38;2;161;195;213mO[38;2;161;195;213mO[38;2;161;195;213mO[38;2;157;192;209mO[38;2;158;193;210mO[38;2;153;188;206mO[38;2;154;189;206mO[38;2;58;166;223mo[38;2;1;155;237mc[38;2;1;155;237mc[38;2;1;155;237mc[38;2;1;155;237mc[38;2;1;155;237mc[38;2;1;155;237mc[38;2;1;155;237mc[38;2;1;155;237mc[38;2;1;155;237mc[38;2;1;155;237mc[38;2;1;155;237mc[38;2;1;155;237mc[38;2;1;155;237mc[38;2;1;155;237mc[38;2;1;155;237mc[38;2;1;155;237mc[38;2;1;155;237mc[38;2;1;155;237mc[38;2;1;155;237mc[38;2;1;155;237mc[38;2;1;155;237mc[38;2;1;155;237mc[38;2;1;157;240mc[0m
[0m[38;2;1;158;246mc[38;2;12;157;239ml[38;2;87;171;219md[38;2;66;167;224mo[38;2;173;210;231m0[38;2;231;231;229mN[38;2;234;233;232mN[38;2;236;236;234mN[38;2;235;234;233mN[38;2;235;222;221mX[38;2;230;230;229mN[38;2;231;230;229mN[38;2;229;229;227mN[38;2;197;202;209m0[38;2;215;218;221mX[38;2;221;223;227mX[38;2;222;224;228mX[38;2;230;233;236mN[38;2;230;233;236mN[38;2;232;235;238mN[38;2;230;233;236mN[38;2;228;231;234mN[38;2;228;230;234mN[38;2;231;234;237mN[38;2;226;228;231mN[38;2;235;238;241mN[38;2;243;245;248mW[38;2;243;245;248mW[38;2;243;245;248mW[38;2;243;245;248mW[38;2;243;245;248mW[38;2;243;245;248mW[38;2;243;245;248mW[38;2;243;245;248mW[38;2;243;245;248mW[38;2;243;245;248mW[38;2;243;245;248mW[38;2;235;240;245mW[38;2;243;242;240mW[38;2;235;234;233mN[38;2;238;238;237mW[38;2;235;234;234mN[38;2;234;234;233mN[38;2;249;249;248mW[38;2;246;245;244mW[38;2;237;236;235mN[38;2;90;183;235mx[38;2;1;158;246mc[38;2;1;158;246mc[38;2;1;158;246mc[38;2;1;158;246mc[38;2;1;158;246mc[38;2;1;158;246mc[38;2;1;158;246mc[38;2;1;158;246mc[38;2;1;158;246mc[38;2;1;158;246mc[38;2;1;158;246mc[38;2;1;158;246mc[38;2;1;158;246mc[38;2;1;158;246mc[38;2;1;158;246mc[38;2;1;158;246mc[38;2;1;158;246mc[38;2;1;158;246mc[38;2;1;158;246mc[38;2;1;158;246mc[38;2;1;158;246mc[38;2;1;158;246mc[38;2;1;158;246mc[0m
[0m[38;2;2;154;245mc[38;2;4;154;244mc[38;2;47;160;226mo[38;2;28;158;235ml[38;2;176;216;240mK[38;2;251;250;250mM[38;2;252;251;251mM[38;2;251;251;250mM[38;2;251;251;251mM[38;2;250;250;249mM[38;2;248;247;247mW[38;2;249;249;248mW[38;2;248;248;247mW[38;2;241;245;249mW[38;2;246;249;252mW[38;2;243;246;250mW[38;2;246;249;252mW[38;2;246;249;253mW[38;2;246;249;252mW[38;2;246;249;253mW[38;2;246;249;253mW[38;2;246;249;252mW[38;2;246;249;252mW[38;2;246;249;252mW[38;2;246;249;253mW[38;2;246;249;252mW[38;2;246;249;252mW[38;2;246;249;252mW[38;2;246;249;253mW[38;2;246;249;253mW[38;2;246;249;252mW[38;2;246;249;252mW[38;2;246;249;253mW[38;2;246;249;253mW[38;2;246;249;252mW[38;2;246;249;253mW[38;2;246;249;252mW[38;2;244;247;251mW[38;2;253;253;252mM[38;2;253;253;252mM[38;2;253;253;252mM[38;2;253;253;252mM[38;2;253;253;252mM[38;2;253;253;252mM[38;2;252;252;251mM[38;2;239;238;238mW[38;2;109;185;231mx[38;2;40;170;247mo[38;2;41;170;247mo[38;2;42;170;247mo[38;2;43;171;247mo[38;2;45;171;247mo[38;2;46;172;247mo[38;2;47;172;247mo[38;2;47;172;247mo[38;2;48;173;247mo[38;2;49;173;247mo[38;2;50;173;247md[38;2;52;174;247md[38;2;53;174;247md[38;2;54;175;247md[38;2;54;175;247md[38;2;55;176;248md[38;2;56;176;248md[38;2;57;176;248md[38;2;58;177;248md[38;2;60;177;248md[38;2;61;177;248md[38;2;61;178;248md[38;2;62;178;248md[0m
[0m[38;2;2;150;244mc[38;2;10;151;240mc[38;2;147;183;204mk[38;2;112;176;215mx[38;2;177;217;242mK[38;2;254;254;254mM[38;2;254;254;254mM[38;2;254;254;254mM[38;2;254;254;254mM[38;2;254;254;254mM[38;2;231;231;231mN[38;2;229;229;229mN[38;2;234;234;234mN[38;2;226;226;226mX[38;2;233;233;233mN[38;2;232;232;232mN[38;2;228;228;228mN[38;2;243;243;243mW[38;2;254;254;254mM[38;2;254;254;254mM[38;2;254;254;254mM[38;2;254;254;254mM[38;2;254;254;254mM[38;2;254;254;254mM[38;2;254;254;254mM[38;2;254;254;254mM[38;2;254;254;254mM[38;2;254;254;254mM[38;2;254;254;254mM[38;2;254;254;254mM[38;2;254;254;254mM[38;2;254;254;254mM[38;2;254;254;254mM[38;2;254;254;254mM[38;2;254;254;254mM[38;2;254;254;254mM[38;2;254;254;254mM[38;2;254;254;254mM[38;2;254;254;254mM[38;2;254;254;254mM[38;2;254;254;254mM[38;2;254;254;254mM[38;2;254;254;254mM[38;2;254;254;254mM[38;2;254;254;254mM[38;2;236;236;236mN[38;2;131;191;229mk[38;2;84;184;248mx[38;2;86;185;248mx[38;2;88;186;248mx[38;2;91;187;248mx[38;2;93;188;248mx[38;2;95;189;248mx[38;2;97;190;248mk[38;2;99;190;248mk[38;2;101;191;248mk[38;2;103;192;248mk[38;2;105;193;249mk[38;2;108;194;249mk[38;2;110;194;249mk[38;2;112;195;249mk[38;2;114;196;249mk[38;2;116;197;249mk[38;2;118;198;249mO[38;2;120;199;249mO[38;2;122;200;249mO[38;2;124;201;249mO[38;2;127;201;250mO[38;2;129;202;250mO[38;2;131;203;250mO[0m
[0m[38;2;3;147;243mc[38;2;3;146;243mc[38;2;9;146;238mc[38;2;7;146;239mc[38;2;178;216;242mK[38;2;254;254;254mM[38;2;254;254;254mM[38;2;254;254;254mM[38;2;254;254;254mM[38;2;254;254;254mM[38;2;224;224;224mX[38;2;224;224;224mX[38;2;230;230;230mN[38;2;226;226;226mN[38;2;221;221;221mX[38;2;223;223;223mX[38;2;223;223;223mX[38;2;226;226;226mN[38;2;227;227;227mN[38;2;223;223;223mX[38;2;224;224;224mX[38;2;225;225;225mX[38;2;225;225;225mX[38;2;223;223;223mX[38;2;230;230;230mN[38;2;253;253;253mM[38;2;252;252;252mM[38;2;218;218;218mX[38;2;162;161;162mx[38;2;150;150;150md[38;2;140;140;140mo[38;2;134;134;134mo[38;2;129;128;129ml[38;2;125;125;125ml[38;2;117;117;117mc[38;2;110;110;110mc[38;2;115;115;115mc[38;2;123;123;123ml[38;2;137;137;137mo[38;2;207;207;208mK[38;2;254;254;254mM[38;2;254;254;254mM[38;2;254;254;254mM[38;2;254;254;254mM[38;2;254;254;254mM[38;2;222;223;223mX[38;2;161;196;219mO[38;2;140;198;236mO[38;2;145;202;239mO[38;2;143;199;237mO[38;2;144;199;236mO[38;2;145;200;236mO[38;2;151;205;241m0[38;2;155;208;243m0[38;2;156;208;243m0[38;2;157;209;243m0[38;2;158;209;243m0[38;2;160;210;243m0[38;2;161;210;243m0[38;2;162;211;243m0[38;2;162;210;241m0[38;2;162;209;241m0[38;2;161;207;238m0[38;2;163;209;239m0[38;2;139;202;244mO[38;2;123;198;249mO[38;2;125;199;249mO[38;2;127;200;249mO[38;2;129;201;250mO[38;2;131;201;250mO[0m
[0m[38;2;3;143;243mc[38;2;3;143;243mc[38;2;3;143;243mc[38;2;3;143;243mc[38;2;178;215;242mK[38;2;254;254;254mM[38;2;255;255;255mM[38;2;254;254;254mM[38;2;254;254;254mM[38;2;254;254;254mM[38;2;228;228;228mN[38;2;225;225;225mX[38;2;231;231;231mN[38;2;229;229;229mN[38;2;227;227;227mN[38;2;229;230;231mN[38;2;231;234;238mN[38;2;229;229;229mN[38;2;227;227;227mN[38;2;230;230;230mN[38;2;230;230;230mN[38;2;226;226;226mX[38;2;232;232;232mN[38;2;241;241;241mW[38;2;251;251;251mM[38;2;254;254;254mM[38;2;252;252;252mM[38;2;152;152;152md[38;2;64;68;74m'[38;2;57;62;68m.[38;2;64;70;75m'[38;2;62;68;75m'[38;2;60;65;72m'[38;2;51;57;64m.[38;2;37;43;51m.[38;2;28;34;42m.[38;2;32;39;45m.[38;2;33;39;47m.[38;2;19;25;33m [38;2;124;124;125ml[38;2;254;254;254mM[38;2;255;255;255mM[38;2;254;254;254mM[38;2;254;254;254mM[38;2;254;254;254mM[38;2;222;223;223mX[38;2;223;223;222mX[38;2;246;245;244mW[38;2;246;245;244mW[38;2;246;245;244mW[38;2;246;245;244mW[38;2;245;244;243mW[38;2;246;245;244mW[38;2;246;245;244mW[38;2;246;245;244mW[38;2;246;245;244mW[38;2;246;245;244mW[38;2;246;245;244mW[38;2;246;245;244mW[38;2;246;245;244mW[38;2;246;245;244mW[38;2;246;245;244mW[38;2;246;245;244mW[38;2;245;244;243mW[38;2;169;208;236m0[38;2;123;196;249mO[38;2;125;197;249mO[38;2;127;198;249mO[38;2;129;199;249mO[38;2;131;200;249mO[0m
[0m[38;2;12;145;242mc[38;2;12;145;242mc[38;2;12;145;242mc[38;2;11;145;242mc[38;2;180;215;241mK[38;2;254;254;254mM[38;2;254;254;254mM[38;2;254;254;254mM[38;2;254;254;254mM[38;2;254;254;254mM[38;2;243;243;243mW[38;2;245;245;245mW[38;2;244;244;244mW[38;2;245;245;245mW[38;2;243;243;243mW[38;2;243;243;243mW[38;2;244;244;244mW[38;2;245;245;245mW[38;2;245;245;245mW[38;2;242;242;242mW[38;2;244;244;244mW[38;2;243;246;248mW[38;2;244;248;251mW[38;2;243;247;250mW[38;2;243;247;250mW[38;2;243;247;252mW[38;2;252;252;252mM[38;2;138;138;138mo[38;2;37;37;36m.[38;2;27;27;27m [38;2;46;48;45m.[38;2;51;51;51m.[38;2;47;47;47m.[38;2;40;40;40m.[38;2;39;39;39m.[38;2;32;32;32m.[38;2;28;28;26m [38;2;28;28;28m [38;2;2;2;2m [38;2;115;115;115mc[38;2;254;254;254mM[38;2;254;254;254mM[38;2;254;254;254mM[38;2;254;254;254mM[38;2;254;254;254mM[38;2;222;223;223mX[38;2;216;214;213mX[38;2;236;234;233mN[38;2;231;228;226mN[38;2;231;228;226mN[38;2;238;237;235mN[38;2;239;239;239mW[38;2;240;239;239mW[38;2;238;238;238mW[38;2;239;239;239mW[38;2;240;240;240mW[38;2;250;250;250mM[38;2;250;250;250mM[38;2;250;250;250mM[38;2;250;250;250mM[38;2;250;250;250mM[38;2;250;250;250mM[38;2;250;250;250mM[38;2;245;245;245mW[38;2;170;208;236m0[38;2;123;194;248mk[38;2;125;195;248mO[38;2;127;196;248mO[38;2;129;197;249mO[38;2;131;198;249mO[0m
[0m[38;2;83;194;249mx[38;2;81;192;249mx[38;2;79;191;249mx[38;2;77;189;248mx[38;2;197;227;243mX[38;2;254;254;254mM[38;2;254;254;254mM[38;2;254;254;254mM[38;2;254;254;254mM[38;2;254;254;254mM[38;2;254;254;254mM[38;2;244;248;251mW[38;2;238;244;249mW[38;2;226;231;236mN[38;2;226;232;237mN[38;2;227;233;239mN[38;2;244;244;244mW[38;2;244;244;244mW[38;2;246;246;246mW[38;2;254;254;254mM[38;2;254;254;254mM[38;2;254;254;254mM[38;2;254;254;254mM[38;2;254;254;254mM[38;2;254;254;254mM[38;2;254;254;254mM[38;2;252;252;252mM[38;2;120;120;121mc[38;2;35;35;33m.[38;2;21;21;21m [38;2;34;35;32m.[38;2;35;35;35m.[38;2;30;30;30m.[38;2;21;21;21m [38;2;20;20;20m [38;2;13;13;13m [38;2;28;28;25m [38;2;38;38;38m.[38;2;6;6;6m [38;2;124;124;125ml[38;2;254;254;254mM[38;2;254;254;254mM[38;2;254;254;254mM[38;2;254;254;254mM[38;2;254;254;254mM[38;2;222;223;223mX[38;2;210;205;199mK[38;2;241;237;233mW[38;2;234;228;222mN[38;2;225;217;208mX[38;2;239;234;230mN[38;2;252;252;252mM[38;2;252;252;252mM[38;2;252;252;252mM[38;2;252;252;252mM[38;2;252;252;252mM[38;2;252;252;252mM[38;2;252;252;252mM[38;2;252;252;252mM[38;2;252;252;252mM[38;2;252;252;252mM[38;2;252;252;252mM[38;2;252;252;252mM[38;2;252;252;252mM[38;2;171;208;238m0[38;2;123;192;248mk[38;2;125;193;248mk[38;2;128;194;248mO[38;2;129;195;248mO[38;2;132;196;248mO[0m
[0m[38;2;83;192;249mx[38;2;81;191;248mx[38;2;79;189;248mx[38;2;77;188;248mx[38;2;197;227;243mX[38;2;254;254;254mM[38;2;254;254;254mM[38;2;254;254;254mM[38;2;254;254;254mM[38;2;254;254;254mM[38;2;254;254;254mM[38;2;243;247;250mW[38;2;235;242;248mW[38;2;225;231;237mN[38;2;237;240;242mW[38;2;246;246;246mW[38;2;246;246;246mW[38;2;243;243;243mW[38;2;244;244;244mW[38;2;244;244;244mW[38;2;245;245;245mW[38;2;242;242;242mW[38;2;243;243;243mW[38;2;254;254;254mM[38;2;254;254;254mM[38;2;254;254;254mM[38;2;252;252;252mM[38;2;126;125;126ml[38;2;15;15;14m [38;2;6;6;6m [38;2;26;30;27m [38;2;30;35;35m.[38;2;30;36;34m.[38;2;28;33;30m.[38;2;32;36;35m.[38;2;18;21;21m [38;2;27;27;25m [38;2;25;25;25m [38;2;2;2;2m [38;2;123;123;123ml[38;2;254;254;254mM[38;2;254;254;254mM[38;2;254;254;254mM[38;2;254;254;254mM[38;2;254;254;254mM[38;2;237;237;237mN[38;2;226;226;225mX[38;2;246;246;246mW[38;2;245;245;245mW[38;2;240;240;240mW[38;2;247;247;247mW[38;2;252;252;252mMM[38;2;252;252;252mM[38;2;252;252;252mM[38;2;252;252;252mM[38;2;252;252;252mM[38;2;252;252;252mM[38;2;252;252;252mM[38;2;252;252;252mM[38;2;252;252;252mM[38;2;252;252;252mM[38;2;252;252;252mM[38;2;252;252;252mM[38;2;172;207;238m0[38;2;124;190;247mk[38;2;126;191;247mk[38;2;128;192;247mk[38;2;130;193;248mO[38;2;132;194;248mO[0m
[0m[38;2;83;191;248mx[38;2;81;189;248mx[38;2;79;188;248mx[38;2;77;186;248mx[38;2;197;226;243mX[38;2;254;254;254mM[38;2;254;254;254mM[38;2;254;254;254mM[38;2;254;254;254mM[38;2;254;254;254mM[38;2;254;254;254mM[38;2;244;248;251mW[38;2;235;242;248mW[38;2;214;220;225mX[38;2;221;225;229mX[38;2;245;245;245mW[38;2;245;245;245mW[38;2;245;245;245mW[38;2;243;243;243mW[38;2;244;244;244mW[38;2;242;242;242mW[38;2;242;242;242mW[38;2;245;245;245mW[38;2;243;243;243mW[38;2;254;254;254mM[38;2;254;254;254mM[38;2;252;252;252mM[38;2;132;132;132ml[38;2;16;16;15m [38;2;5;5;5m [38;2;23;29;27m [38;2;31;37;36m.[38;2;27;33;34m.[38;2;21;28;27m [38;2;20;29;30m [38;2;14;22;24m [38;2;27;28;25m [38;2;27;27;27m [38;2;4;4;4m [38;2;122;122;122ml[38;2;254;254;254mM[38;2;254;254;254mM[38;2;254;254;254mM[38;2;254;254;254mM[38;2;254;254;254mM[38;2;238;238;238mN[38;2;232;232;231mN[38;2;252;252;252mM[38;2;252;252;252mM[38;2;252;252;252mM[38;2;252;252;252mM[38;2;252;252;252mM[38;2;252;252;252mM[38;2;252;252;252mM[38;2;252;252;252mM[38;2;252;252;252mM[38;2;252;252;252mM[38;2;252;252;252mM[38;2;252;252;252mM[38;2;252;252;252mM[38;2;252;252;252mM[38;2;252;252;252mM[38;2;252;252;252mM[38;2;252;252;252mM[38;2;116;178;234mx[38;2;18;135;240mc[38;2;18;135;240mc[38;2;18;135;240mc[38;2;18;135;240mc[38;2;19;135;240mc[0m
[0m[38;2;84;189;248mx[38;2;82;187;248mx[38;2;80;186;247mx[38;2;78;184;247mx[38;2;197;226;243mX[38;2;254;254;254mM[38;2;254;254;254mM[38;2;254;254;254mM[38;2;254;254;254mM[38;2;254;254;254mM[38;2;253;254;254mM[38;2;254;254;254mM[38;2;254;254;254mM[38;2;250;251;252mM[38;2;251;251;252mM[38;2;253;253;254mM[38;2;254;254;254mM[38;2;254;254;254mM[38;2;254;254;254mM[38;2;254;254;254mM[38;2;254;254;254mM[38;2;254;254;254mM[38;2;254;254;254mM[38;2;254;254;254mM[38;2;254;254;254mM[38;2;254;254;254mM[38;2;252;252;252mM[38;2;131;131;131ml[38;2;36;57;47m.[38;2;28;51;43m.[38;2;44;63;52m.[38;2;52;71;57m.[38;2;40;59;46m.[38;2;37;56;42m.[38;2;34;53;44m.[38;2;32;52;42m.[38;2;32;51;41m.[38;2;25;43;35m.[38;2;23;42;34m.[38;2;122;122;122ml[38;2;254;254;254mM[38;2;254;254;254mM[38;2;254;254;254mM[38;2;254;254;254mM[38;2;254;254;254mM[38;2;238;238;238mN[38;2;232;232;231mN[38;2;252;252;252mM[38;2;252;252;252mM[38;2;252;252;252mM[38;2;252;252;252mM[38;2;252;252;252mMM[38;2;252;252;252mM[38;2;252;252;252mM[38;2;252;252;252mM[38;2;252;252;252mM[38;2;252;252;252mM[38;2;252;252;252mM[38;2;252;252;252mM[38;2;252;252;252mM[38;2;252;252;252mM[38;2;252;252;252mM[38;2;252;252;252mM[38;2;110;173;233mx[38;2;6;125;238m:[38;2;6;125;238m:[38;2;6;125;238m:[38;2;6;125;238m:[38;2;6;125;238m:[0m
[0m[38;2;30;142;241mc[38;2;30;141;241mc[38;2;29;140;240mc[38;2;29;140;240mc[38;2;185;214;241mK[38;2;254;254;254mM[38;2;254;254;254mM[38;2;254;254;254mM[38;2;254;254;254mM[38;2;254;254;254mM[38;2;231;239;246mN[38;2;233;241;247mW[38;2;224;235;244mN[38;2;231;239;246mN[38;2;226;236;245mN[38;2;230;238;246mN[38;2;236;242;248mW[38;2;254;254;254mM[38;2;254;254;254mM[38;2;254;254;254mM[38;2;254;254;254mM[38;2;254;254;254mM[38;2;254;254;254mM[38;2;254;254;254mM[38;2;254;254;254mM[38;2;254;254;254mM[38;2;252;252;252mM[38;2;131;131;131ml[38;2;44;56;61m.[38;2;46;58;63m.[38;2;45;57;63m.[38;2;43;55;61m.[38;2;44;55;61m.[38;2;45;57;63m.[38;2;43;55;61m.[38;2;43;55;61m.[38;2;44;56;62m.[38;2;47;58;64m.[38;2;45;57;63m.[38;2;121;121;122mc[38;2;254;254;254mM[38;2;254;254;254mM[38;2;254;254;254mM[38;2;254;254;254mM[38;2;254;254;254mM[38;2;238;238;238mN[38;2;232;232;231mN[38;2;252;252;252mM[38;2;252;252;252mM[38;2;252;252;252mM[38;2;252;252;252mM[38;2;252;252;252mM[38;2;252;252;252mM[38;2;252;252;252mM[38;2;252;252;252mM[38;2;252;252;252mM[38;2;252;252;252mM[38;2;252;252;252mM[38;2;252;252;252mM[38;2;252;252;252mM[38;2;252;252;252mM[38;2;252;252;252mM[38;2;252;252;252mM[38;2;252;252;252mM[38;2;110;171;232mx[38;2;6;121;237m:[38;2;6;121;237m:[38;2;6;121;238m:[38;2;6;121;237m:[38;2;6;121;237m:[0m
[0m[38;2;7;117;237m;[38;2;7;117;237m;[38;2;7;117;237m;[38;2;7;117;237m;[38;2;179;208;240mK[38;2;254;254;254mM[38;2;254;254;254mM[38;2;254;254;254mM[38;2;254;254;254mM[38;2;254;254;254mM[38;2;232;240;246mW[38;2;230;238;246mN[38;2;232;240;249mW[38;2;239;245;251mW[38;2;254;254;254mM[38;2;254;254;254mM[38;2;254;254;254mM[38;2;254;254;254mM[38;2;254;254;254mM[38;2;254;254;254mM[38;2;254;254;254mM[38;2;254;254;254mM[38;2;254;254;254mM[38;2;254;254;254mM[38;2;254;254;254mM[38;2;254;254;254mM[38;2;252;252;252mM[38;2;131;131;131ml[38;2;51;61;67m.[38;2;43;54;60m.[38;2;47;58;64m.[38;2;44;56;61m.[38;2;49;60;66m.[38;2;45;57;63m.[38;2;46;58;64m.[38;2;47;58;64m.[38;2;47;58;64m.[38;2;43;54;60m.[38;2;57;67;73m'[38;2;120;120;121mc[38;2;254;254;254mM[38;2;254;254;254mM[38;2;254;254;254mM[38;2;254;254;254mM[38;2;254;254;254mM[38;2;238;238;238mW[38;2;232;232;231mN[38;2;252;252;252mM[38;2;252;252;252mM[38;2;252;252;252mM[38;2;252;252;252mM[38;2;252;252;252mMM[38;2;252;252;252mM[38;2;252;252;252mM[38;2;252;252;252mM[38;2;252;252;252mMM[38;2;252;252;252mM[38;2;252;252;252mM[38;2;252;252;252mM[38;2;252;252;252mM[38;2;252;252;252mM[38;2;252;252;252mM[38;2;110;169;232mx[38;2;7;117;237m;[38;2;7;117;237m;[38;2;7;117;237m;[38;2;7;117;237m;[38;2;7;117;237m;[0m
[0m[38;2;7;114;236m;[38;2;7;114;235m;[38;2;7;114;235m;[38;2;7;114;236m;[38;2;179;207;240m0[38;2;254;254;254mM[38;2;254;254;254mM[38;2;254;254;254mM[38;2;254;254;254mM[38;2;254;254;254mM[38;2;243;243;243mW[38;2;241;241;241mW[38;2;241;241;241mW[38;2;245;245;245mW[38;2;249;249;249mW[38;2;254;254;254mM[38;2;254;254;254mM[38;2;254;254;254mM[38;2;254;254;254mM[38;2;254;254;254mM[38;2;254;254;254mM[38;2;254;254;254mM[38;2;254;254;254mM[38;2;254;254;254mM[38;2;254;254;254mM[38;2;254;254;254mM[38;2;252;252;252mM[38;2;132;132;132ml[38;2;43;54;59m.[38;2;40;52;58m.[38;2;40;51;57m.[38;2;44;56;62m.[38;2;46;57;63m.[38;2;49;60;66m.[38;2;46;57;63m.[38;2;44;56;62m.[38;2;40;51;57m.[38;2;45;61;66m.[38;2;64;90;93m,[38;2;120;120;121mc[38;2;254;254;254mM[38;2;254;254;254mM[38;2;254;254;254mM[38;2;254;254;254mM[38;2;254;254;254mM[38;2;238;238;237mN[38;2;232;232;231mN[38;2;252;252;252mM[38;2;252;252;252mM[38;2;252;252;252mM[38;2;252;252;252mM[38;2;252;252;252mM[38;2;252;252;252mM[38;2;252;252;252mM[38;2;252;252;252mM[38;2;252;252;252mM[38;2;252;252;252mM[38;2;252;252;252mM[38;2;252;252;252mM[38;2;252;252;252mM[38;2;252;252;252mM[38;2;252;252;252mM[38;2;252;252;252mM[38;2;252;252;252mM[38;2;110;167;231mx[38;2;7;114;235m;[38;2;7;114;236m;[38;2;7;114;235m;[38;2;7;114;235m;[38;2;7;114;235m;[0m
[0m[38;2;8;111;235m;[38;2;8;111;235m;[38;2;8;111;235m;[38;2;8;111;235m;[38;2;164;194;231mO[38;2;225;228;232mN[38;2;229;231;235mN[38;2;226;229;233mN[38;2;228;231;234mN[38;2;225;228;232mN[38;2;208;211;215mK[38;2;210;213;216mK[38;2;210;213;216mK[38;2;212;215;219mX[38;2;215;218;221mX[38;2;226;229;233mN[38;2;229;232;235mN[38;2;228;231;234mN[38;2;228;231;234mN[38;2;232;235;238mN[38;2;238;241;244mW[38;2;238;241;244mW[38;2;238;241;244mW[38;2;238;241;244mW[38;2;238;241;244mW[38;2;238;241;244mW[38;2;237;239;242mW[38;2;179;182;185mO[38;2;119;123;127ml[38;2;119;123;126ml[38;2;125;129;133ml[38;2;116;120;124mc[38;2;99;103;105m:[38;2;108;110;111m:[38;2;103;105;105m:[38;2;103;105;105m:[38;2;109;110;111m:[38;2;101;104;105m:[38;2;112;115;118mc[38;2;150;153;156md[38;2;215;218;221mX[38;2;215;218;221mX[38;2;215;218;221mX[38;2;215;218;221mX[38;2;215;218;221mX[38;2;218;221;224mX[38;2;208;214;223mK[38;2;212;221;233mX[38;2;211;220;232mX[38;2;210;219;231mX[38;2;212;221;233mX[38;2;212;221;232mX[38;2;211;220;231mX[38;2;216;225;237mX[38;2;216;225;236mX[38;2;216;225;237mX[38;2;216;225;237mX[38;2;216;225;237mX[38;2;216;225;237mX[38;2;216;225;236mX[38;2;216;225;237mX[38;2;216;225;237mX[38;2;216;225;237mX[38;2;216;226;237mX[38;2;96;156;229md[38;2;8;111;235m;[38;2;8;111;235m;[38;2;8;111;235m;[38;2;8;111;235m;[38;2;8;111;235m;[0m
[0m[38;2;8;107;234m;[38;2;8;107;234m;[38;2;8;107;234m;[38;2;8;107;234m;[38;2;8;106;232m;[38;2;8;104;229m;[38;2;8;104;229m;[38;2;8;104;229m;[38;2;8;104;229m;[38;2;8;104;229m;[38;2;8;104;229m;[38;2;8;104;229m;[38;2;8;104;229m;[38;2;8;104;229m;[38;2;8;104;229m;[38;2;8;104;229m;[38;2;8;104;229m;[38;2;8;104;229m;[38;2;8;104;229m;[38;2;8;104;229m;[38;2;8;104;229m;[38;2;8;104;229m;[38;2;8;104;229m;[38;2;8;104;229m;[38;2;8;104;229m;[38;2;8;104;229m;[38;2;8;104;229m;[38;2;8;104;229m;[38;2;8;104;229m;[38;2;8;104;229m;[38;2;8;104;229m;[38;2;8;104;229m;[38;2;150;189;240mO[38;2;209;225;245mX[38;2;218;230;246mN[38;2;213;227;246mX[38;2;220;231;246mN[38;2;67;139;233ml[38;2;13;107;228m;[38;2;8;104;227m;[38;2;8;104;227m;[38;2;8;104;227m;[38;2;8;104;227m;[38;2;8;104;227m;[38;2;8;104;227m;[38;2;8;104;228m;[38;2;8;106;231m;[38;2;8;106;232m;[38;2;8;106;232m;[38;2;8;106;232m;[38;2;8;106;232m;[38;2;8;106;232m;[38;2;8;106;232m;[38;2;8;106;232m;[38;2;8;106;232m;[38;2;8;106;232m;[38;2;8;106;232m;[38;2;8;106;232m;[38;2;8;106;232m;[38;2;8;106;232m;[38;2;8;106;232m;[38;2;8;106;232m;[38;2;8;106;232m;[38;2;8;106;232m;[38;2;8;107;234m;[38;2;8;107;234m;[38;2;8;107;234m;[38;2;8;107;234m;[38;2;8;107;234m;[38;2;8;107;234m;[0m
[0m[38;2;9;103;233m;[38;2;9;103;233m;[38;2;9;103;233m;[38;2;9;103;233m;[38;2;9;103;233m;[38;2;9;103;233m;[38;2;9;103;233m;[38;2;9;103;233m;[38;2;9;103;233m;[38;2;9;103;233m;[38;2;9;103;233m;[38;2;9;103;233m;[38;2;9;103;233m;[38;2;9;103;233m;[38;2;9;103;233m;[38;2;9;103;233m;[38;2;9;103;233m;[38;2;9;103;233m;[38;2;9;103;233m;[38;2;9;103;233m;[38;2;9;103;233m;[38;2;9;103;233m;[38;2;9;103;233m;[38;2;9;103;233m;[38;2;9;103;233m;[38;2;9;103;233m;[38;2;9;103;233m;[38;2;9;103;233m;[38;2;9;103;233m;[38;2;9;103;233m;[38;2;9;103;233m;[38;2;9;103;233m;[38;2;15;107;234m;[38;2;9;103;233m;[38;2;9;103;233m;[38;2;9;103;233m;[38;2;13;106;234m;[38;2;9;103;233m;[38;2;9;103;233m;[38;2;9;103;233m;[38;2;9;103;233m;[38;2;9;103;233m;[38;2;9;103;233m;[38;2;9;103;233m;[38;2;9;103;233m;[38;2;9;103;233m;[38;2;9;103;233m;[38;2;9;103;233m;[38;2;9;103;233m;[38;2;9;103;233m;[38;2;9;103;233m;[38;2;9;103;233m;[38;2;9;103;233m;[38;2;9;103;233m;[38;2;9;103;233m;[38;2;9;103;233m;[38;2;9;103;233m;[38;2;9;103;233m;[38;2;9;103;233m;[38;2;9;103;233m;[38;2;9;103;233m;[38;2;9;103;233m;[38;2;9;103;233m;[38;2;9;103;233m;[38;2;9;103;233m;[38;2;9;103;233m;[38;2;9;103;233m;[38;2;9;103;233m;[38;2;9;103;233m;[38;2;9;103;233m;[0m
[0m[38;2;9;100;232m;[38;2;9;100;232m;[38;2;9;100;232m;[38;2;9;100;232m;[38;2;9;100;232m;[38;2;9;100;232m;[38;2;9;100;232m;[38;2;9;100;232m;[38;2;9;100;232m;[38;2;9;100;232m;[38;2;9;100;232m;[38;2;9;100;232m;[38;2;9;100;232m;[38;2;9;100;232m;[38;2;9;100;232m;[38;2;9;100;232m;[38;2;9;100;232m;[38;2;9;100;232m;[38;2;9;100;232m;[38;2;9;100;232m;[38;2;9;100;232m;[38;2;9;100;232m;[38;2;9;100;232m;[38;2;9;100;232m;[38;2;9;100;232m;[38;2;9;100;232m;[38;2;9;100;232m;[38;2;9;100;232m;[38;2;9;100;232m;[38;2;9;100;232m;[38;2;9;100;232m;[38;2;9;100;232m;[38;2;9;100;232m;[38;2;9;100;232m;[38;2;9;100;232m;[38;2;9;100;232m;[38;2;9;100;232m;[38;2;9;100;232m;[38;2;9;100;232m;[38;2;9;100;232m;[38;2;9;100;232m;[38;2;9;100;232m;[38;2;9;100;232m;[38;2;9;100;232m;[38;2;9;100;232m;[38;2;9;100;232m;[38;2;9;100;232m;[38;2;9;100;232m;[38;2;9;100;232m;[38;2;9;100;232m;[38;2;9;100;232m;[38;2;9;100;232m;[38;2;9;100;232m;[38;2;9;100;232m;[38;2;9;100;232m;[38;2;9;100;232m;[38;2;9;100;232m;[38;2;9;100;232m;[38;2;9;100;232m;[38;2;9;100;232m;[38;2;9;100;232m;[38;2;9;100;232m;[38;2;9;100;232m;[38;2;9;100;232m;[38;2;9;100;232m;[38;2;9;100;232m;[38;2;9;100;232m;[38;2;9;100;232m;[38;2;9;100;232m;[38;2;9;100;232m;[0m
[0m[38;2;10;96;231m,[38;2;10;96;231m,[38;2;10;96;231m,[38;2;10;96;231m,[38;2;10;96;231m,[38;2;10;96;231m,[38;2;10;96;231m,[38;2;10;96;231m,[38;2;10;96;231m,[38;2;10;96;231m,[38;2;10;96;231m,[38;2;10;96;231m,[38;2;10;96;231m,[38;2;10;96;231m,[38;2;10;96;231m,[38;2;10;96;231m,[38;2;10;96;231m,[38;2;10;96;231m,[38;2;10;96;231m,[38;2;10;96;231m,[38;2;10;96;231m,[38;2;10;96;231m,[38;2;10;96;231m,[38;2;10;96;231m,[38;2;10;96;231m,[38;2;10;96;231m,[38;2;10;96;231m,[38;2;10;96;231m,[38;2;10;96;231m,[38;2;10;96;231m,[38;2;10;96;231m,[38;2;10;96;231m,[38;2;10;96;231m,[38;2;10;96;231m,[38;2;10;96;231m,[38;2;10;96;231m,[38;2;10;96;231m,[38;2;10;96;231m,[38;2;10;96;231m,[38;2;10;96;231m,[38;2;10;96;231m,[38;2;10;96;231m,[38;2;10;96;231m,[38;2;10;96;231m,[38;2;10;96;231m,[38;2;10;96;231m,[38;2;10;96;231m,[38;2;10;96;231m,[38;2;10;96;231m,[38;2;10;96;231m,[38;2;10;96;231m,[38;2;10;96;231m,[38;2;10;96;231m,[38;2;10;96;231m,[38;2;10;96;231m,[38;2;10;96;231m,[38;2;10;96;231m,[38;2;10;96;231m,[38;2;10;96;231m,[38;2;10;96;231m,[38;2;10;96;231m,[38;2;10;96;231m,[38;2;10;96;231m,[38;2;10;96;231m,[38;2;10;96;231m,[38;2;10;96;231m,[38;2;10;96;231m,[38;2;10;96;231m,[38;2;10;96;231m,[38;2;10;96;231m,[0m
[0m[38;2;10;93;231m,[38;2;10;93;231m,[38;2;10;93;231m,[38;2;10;93;231m,[38;2;10;93;231m,[38;2;10;93;231m,[38;2;10;93;231m,[38;2;10;93;231m,[38;2;10;93;231m,[38;2;10;93;231m,[38;2;10;93;231m,[38;2;10;93;231m,[38;2;10;93;231m,[38;2;10;93;231m,[38;2;10;93;231m,[38;2;10;93;231m,[38;2;10;93;231m,[38;2;10;93;231m,[38;2;10;93;231m,[38;2;10;93;231m,[38;2;10;93;231m,[38;2;10;93;231m,[38;2;10;93;231m,[38;2;10;93;231m,[38;2;10;93;231m,[38;2;10;93;231m,[38;2;10;93;231m,[38;2;10;93;231m,[38;2;25;92;206m,[38;2;84;122;188mc[38;2;58;99;168m;[38;2;46;90;160m,[38;2;44;88;158m,[38;2;68;112;182m:[38;2;67;110;180m:[38;2;65;111;184m:[38;2;61;107;182m:[38;2;70;113;183m:[38;2;77;120;190mc[38;2;60;100;168m;[38;2;80;119;186mc[38;2;28;93;202m,[38;2;10;93;231m,[38;2;10;93;231m,[38;2;10;93;231m,[38;2;10;93;231m,[38;2;10;93;231m,[38;2;10;93;231m,[38;2;10;93;231m,[38;2;10;93;231m,[38;2;10;93;231m,[38;2;10;93;231m,[38;2;10;93;231m,[38;2;10;93;231m,[38;2;10;93;231m,[38;2;10;93;231m,[38;2;10;93;231m,[38;2;10;93;231m,[38;2;10;93;231m,[38;2;10;93;231m,[38;2;10;93;231m,[38;2;10;93;231m,[38;2;10;93;231m,[38;2;10;93;231m,[38;2;10;93;231m,[38;2;10;93;231m,[38;2;10;93;231m,[38;2;10;93;231m,[38;2;10;93;231m,[38;2;10;93;231m,[0m
[0m[38;2;11;90;230m,[38;2;11;90;230m,[38;2;11;90;230m,[38;2;11;90;230m,[38;2;11;90;230m,[38;2;11;90;230m,[38;2;11;90;230m,[38;2;11;90;230m,[38;2;11;90;230m,[38;2;11;90;230m,[38;2;11;90;230m,[38;2;11;90;230m,[38;2;11;90;230m,[38;2;11;90;230m,[38;2;11;90;230m,[38;2;11;90;230m,[38;2;11;90;230m,[38;2;11;90;230m,[38;2;11;90;230m,[38;2;11;90;230m,[38;2;11;90;230m,[38;2;11;90;230m,[38;2;11;90;230m,[38;2;11;90;230m,[38;2;11;90;230m,[38;2;11;90;230m,[38;2;11;90;230m,[38;2;11;90;230m,[38;2;45;94;182m;[38;2;191;181;172mO[38;2;134;128;123ml[38;2;70;72;71m'[38;2;68;69;68m'[38;2;115;116;113mc[38;2;117;118;116mc[38;2;116;122;128mc[38;2;96;105;117m:[38;2;158;158;157mx[38;2;159;158;157mx[38;2;125;121;116mc[38;2;195;186;177mO[38;2;56;99;177m;[38;2;11;90;230m,[38;2;11;90;230m,[38;2;11;90;230m,[38;2;11;90;230m,[38;2;11;90;230m,[38;2;11;90;230m,[38;2;11;90;230m,[38;2;11;90;230m,[38;2;11;90;230m,[38;2;11;90;230m,[38;2;11;90;230m,[38;2;11;90;230m,[38;2;11;90;230m,[38;2;11;90;230m,[38;2;11;90;230m,[38;2;11;90;230m,[38;2;11;90;230m,[38;2;11;90;230m,[38;2;11;90;230m,[38;2;11;90;230m,[38;2;11;90;230m,[38;2;11;90;230m,[38;2;11;90;230m,[38;2;11;90;230m,[38;2;11;90;230m,[38;2;11;90;230m,[38;2;11;90;230m,[38;2;11;90;230m,[0m
